262589 52280 14259 12956 7004 16990
3549 12989 17222
18881 53047 262497 262497 262497 262497 262497 262497
3549 16735 28245 61768
3549 16735 53162
3549 53237 53237 53237 263056
11835 262806 262577
18881 61679
3549 28329 263426
18881 262476 262627
1916 2716 19611
25933 263442
18881 53158 53158 53158 53158 53158
1916 53188
8167 263333
18881 13914 13914 13914
3549 52579 61932
3549 16735 28189 52784
18881 263402
25933 53167 53167
3549 16735 28626 28626 28626 28626 28626 28626 28626 28626 28626 28626 28626
3549 28329 52720 52720 52720 52720 52720 52696
3549 262788 27697
3549 16735 262568
18881 52965 53093
18881 263065
18881 52532
28267 11751
28303 52706
262589 28168 53062 262391
52976 262574 262574 262574
8167 262902
3549 11835 52561
22356 28666 52908 52908 52908 52908
3549 12989 27720 262819
28303 262698 262698
3549 28242 28242 28242
18881 262309
3549 22381 262446
3549 262599 262599 28210 28210 52753 52753 52753 52753
3549 16397 53143
3549 16685 16685
262589 52280 14259 22975
18881 262689
25933 262464
3549 262366
11835 53062 262607
14868 262544
3549 16735 28245 61918
3549 16397 263471
1916 1251 28571
3549 16735 28656
18881 262476 262826
3549 28220 52562
18881 52660 28125 263487
8167 53149
18881 52546
3549 16735 262729
3549 52579 263314 262870
8167 53159
18881 53202
8167 21741
3549 16735 263310
28343 28176 28176 28176 28176
3549 263500 263022
3549 28132
14840 52694
28303 28642
3549 16735 28125 263487
18881 53047 262497
22356 8055
18881 263080 263079
262318 13522 13522 13522 13522 13522 13522 13522 13522 13522 13522 13522
3549 16735 53038 53038 53038 53038
3549 11271 60725
8167 61884
3549 16735 263558 263558 263558 263558 263558
3549 263444 28654 262770
262589 52280 14259 28099
3549 53165
25933 263485
3549 16735 28125 52660
262589 28226 262807
3549 14282 14282 262865 263599
3549 53237 53237 52526
3549 28598
3549 28580 28657
18881 52761
3549 16735 262899
3549 28329 262473
3549 12989 53237 53237 52892
3549 262848
3549 16735 52862
3549 28140
3549 16735 262463
28343 28192 52725
3549 53237 53237 28126
22356 262355 262956
3549 23106 262851
8167 53103
3549 16735 262761 263633
1916 11242 263300
14282 263579 262707 262707 262707
262589 28226 52866
14282 262493
3549 53237 53237 53237 61633
3549 16397 262667
25933 52869 52869 52869
18881 262725 61698
18881 52595
3549 28595
3549 28329 52720 52720 52720 52720 52720 61727
3549 16397 52691
3549 16735 262761 52927
18881 262748 53176
18881 262740 61786 61786 61786
3549 16735 28362 262453
14868 61819 61819
3549 16735 262610
3549 52882
18881 52700
3549 262561 52836
3549 22548 23596
53046
18881 52965 52749
262589 52280 14259 3549 17147
3549 28329 61911
8167 262567
262589 52280 14259 3549 21838 19338 6429
262589 28168 53169 53169 53169 53169 53169 53169 53169 53169 53169 53169
8167 52651
3549 19611
25933 52722
3549 262794
3549 12989 28625
3549 16735 7313
3549 16735 262617
22356 28204 264367 264367 264367 264367
3549 16397 262938
3549 28580 263074
3549 61568 28252
8167 262786
14840 52861
3549 28598 52981
3549 61568 262359
3549 16735 28234
3549 262854 61697
18881 262880
18881 262955
3549 263444 28153 61730
11835 262824
8167 52680
18881 262740 53014
28303 28146 28146 28146 28146 52727
262589 52280 14259 27918
18881 263614
18881 27656
262778 28267
25933 262732
18881 53159
8167 28158
262589 52280 14259 52479
3549 28171 28171 28171 28171
3549 16397 14201
3549 262585
3549 262478
3549 263432 262899
3549 28349
18881 52859 263070
18881 28652
18881 262687 52554 61800
22356 28666 262578
22356 28124 28647
3549 262277
3549 12989 262659
3549 12989 2 52752 52939
14282 263011
18881 263459
18881 53202 262608
1916 262511
3549 23106 52531
3549 12989 28625 28613 28613 28613 28613 28613 28613
3549 12989 33438 20446
18881 52520
3549 18881 53001
3549 61792
3549 16735 53059 53114
3549 28598 52788
14840 61769
3549 16397 61951
8167 262846
3549 16735 11835 11835 11835 11835 11835 262286
11835 28181
262589 28168 53169 263004 263020
3549 28226 262321
18881 28227
3549 52579 52563
18881 52965 61651
3549 28598 262727 263468
25933 262732 262732
18881 53158
18881 262459
3549 11271
3549 16735 28306 262638 61839
1916 11242 28601
3549 16735 61844 52644
3549 28368 262494 264366
8167 28581
3549 52579 262708
3549 52610 28283 262903
3549 16735 263277
1916 11242 263410
3549 12989 52925 52886
3549 52579 262579
18881 263260
18881 262773
18881 28173 52877
18881 52783 52588 263266
3549 28171 263019
11835 262810
18881 262997
262589 28168 53169
3549 28198
3549 16397 61440 61440
3549 52985
8167 26415 26415
18881 262687 262855 262855 262855 262855 262855 262855
18881 262593
263083
18881 28167
3549 28331
3549 28306 52548
3549 53237 262983
28303 52727
3549 16735 262761 263600
25933 53048 53048
3549 61568 53087 53087 53087 53087 53087 53087
3549 52579 263314 61799
3549 16735 262758
25933 263384
3549 26592 52781
3549 28260
18881 52583
3549 11432 18747
18881 263415
3549 18881 262793 262793 262793 262793 28364
3549 28306 28133
3549 12989 263444 28224
28303 263051
262589 28168 53062 263046
3549 61568 28368 28368 28368 28126
3549 16735 53109
3549 16397 14886
18881 28361
262589 52280 14259 12956 174 22894 27661
3549 262750 53156
3549 18881 53115 53115 53115 53115 53115 53115 262322
18881 52783 262439
11835 263059
18881 262955 52858
3549 28308
262589 52280 14259 262155
18881 21433
3549 28580 28229
18881 52696 52647
18881 262872
28303 28146 28146 28146 28146 28146 28146 263498
262589 28168 53224
25933 263003 263391 263391 263391 263391
18881 25933
8167 52682
18881 262725 262725
18881 53153
3549 53039 53039 53039 53039 53039 53039
3549 17222 262954
3549 53237
262589 52280 14259 14117
28303 262307
14868 52912
3549 262599 28233
14868 52552
28303 262695 61729
25933 28148
22356 198412
18881 262689 52541
3549 28350
18881 262999 53163 263628
18881 53078 262725
18881 262999 53163 263664
3549 52925 62597
14840 53192
25933 61930
8167 52977
18881 262865 262865
3549 28299 28141 262715
18881 263279
262589 52280 14259 262256 262256 262256 262256 262256 262256 262256 262256 262256 262256 262256 262256 262256 262256 262256 262256
11835 263348
18881 52965 262792
8167 52956 52956 52956 52956
18881 64600
3549 28250 28268 263652
3549 16397 262666
3549 53237 263641 263641 263641 263641
18881 28224 53238 53238 53238
18881 28669 28143 28143
28343 263018
18881 52873 52873 52873 52873 61902
3549 16735 52783
18881 262725 263570
3549 23106 262851 262851 262851 262851 262851 262851
22356 28666 61692
11835 262619
3549 26592 52937
3549 262354
22356 28668 28668
1916 11242
11835 53189
262589 52280 14259 6762 27986 16849
3549 61568 262740 262300
3549 23106
3549 26592 28333
262589 52280 14259 27678 27678 27678 27678 27678
3549 53143
3549 16735 28596 28596 28596 28596
28303 53222
3549 2715
3549 28299 28299 28299 28299
18881 264393
8167 263126
8167 262997 263566
18881 52965 262554
3549 53237 53237 263435
3549 12989 262706 263307 263307 263307
18881 53047 262497 262497 262497 262497 262497 262497 262497 262497 262497
14840 28579
3549 16735 53172
22356 262355 263329
3549 16397 16736
8167 53175
18881 61568
18881 262605 262605 262605 262605
11835 61681
11835 262322
3549 262599 53142
3549 16735 262505
28303 28146 28146 28146 28146 52934
8167 28176
3549 53237 53237 263546 61734
18881 263004 53238
11835 52587 52587 52587
3549 12989 262706 52640
25933 28157
3549 16735 28597
1916 28571 28571 28571 28571
18881 53087 53087 53087 53087 53087
18881 263004 263020
18881 22148
262589 28168 53169 262399
3549 262898
262589 52280 14259 262167
11835 262756
3549 16735 53038
3549 262854 52659 52659 52659
1916 11284
8167 262307 262307
3549 16735 262757
28303 28146 28146 28146 28146 53169
3549 16735 53059 262730
3549 16735 28271 28271 28271 28271 28271
3549 16735 262988 262988 262988 61810
262589 52280 14259 12956 7004 16629 52248
18881 61742
18881 28224 263439
25933 61897 61897 61897 61897
3549 53209 263131
18881 28205
3549 52982 262830
18881 53112 53112
28303 262417
3549 28283 61846
3549 22548 28001
3549 262599 262599 262599 263585 61797
18881 52696 262373
262589 28168 53062 262292
8167 263374
1916 11242 10715
3549 16735 262761 262699 262461
28299
18881 28252
3549 16735 52657
18881 52625 52625
8167 7048 7048 7048 7048 7048 7048 7048
18881 262687 262687 262687 52554 52554 52554 52554 52554
262589 52280 14259 3549 21838 19338 52226
3549 28368 28257
3549 16735 263467
18881 13357
18881 262388 61717
3549 53224 52787 52787 52787
18881 28279
18881 263053 263035
18881 262971
3549 16735 28258 53139
3549 262599 262974
3549 53237 53237 53237 262989 61799
3549 12989 28634
28303 52651
3549 16735 262643
18881 262633 61741
28303 28146 28146 28146 28146 53169 263004
3549 16735 52816
18881 262476 52573
3549 61568 28624
262589 52280 14259 12956 7004 28059
14868 263367
3549 28329 263584
25933 262660
18881 263053 262401 262696
18881 52993 61752
262589 52280 14259 6762 27986 6471 27651 27874
3549 262605 262605 262605 262605
11835 263289
11835 52670
3549 28329 52957 52874
11835 52517
262589 52280 14259 27678 25192
18881 53115 262573
28303 61764 61764 61764
262589 52280 14259 27678
262589 52280 14259 18822
18881 263042
18881 263416
28343 262768
18881 20940 20940
3549 12989 2 52752 61828
18881 262526 28635
3549 16397 28165
3549 16735 53090
8167 28213
18881 263030
25933 52681
3549 16735 262646
3549 16735 53201
28303 28146 28146 28146 28146 28146 28146 263289
3549 16735 262761 263489
3549 262323
3549 28226 262850
18881 263668
8167 53062
3549 16735 8141
8167 28332
3549 28283 52763
3549 53018 52908
3549 18881 28198 28198 28198 52743
3549 262578
3549 26592 262310 61836
262589 52280 14259 12956 174 22894 28499
18881 263267
3549 26592 26592 26592
3549 262412
28303 263593
3549 263569
3549 16735 53059 53104
3549 12989 42473 61084 61084
3549 12989 2 52752 53061 53061 53061 53061 263529
10881 53046
18881 28258 53170
18881 263099
262589 52280 14259 27678 52306 52306
18881 53087 53055
28343 28192 263511
8167 23201
262589 28649 28651
3549 22381 263663
3549 11271 10429 12956 4134 17638 17916
3549 262750 53180 263067
3549 13414 35995
28303 52737
25933 262441 262441
3549 53237 53237 53237 262989
3549 28598 52611 52611
28663 8055
18881 52698
18881 262320
3549 53224 28340
11644
3549 12989 2 52752 52917
3549 16735 53131 28289
18881 52965 61947
3549 28368 28368 28199 28199 28199
3549 53075 26615 28244 53025
3549 12989 263444 28207 262674
3549 262750 52714
18881 28244
3549 16735 61929
3549 28310 52850 61774
18881 262689 52666
3549 22548 61455
3549 28652
3549 12989 262706 263432 262487 262487 262487 262487 262487 262487 262487 262487 262487 262487
1916 11097
18881 263284
3549 28580 53191
3549 16735 28279
8167 262295
3549 28306 52539
18881 262999 52995
18881 262997 262947 262947
28303 262417 262661
3549 12989 28202 263623
3549 16397 14463
28343 28192 263058
8167 262688 262764
18881 262828
3549 16735 52623
3549 16735 53102
18881 52696 53071
3549 12989 262765 263562
18881 262669
3549 28329 52865
8167 53112 263091
3549 28271 28271 28271 28271 28271 263271
3549 28271
3549 262599 262808 262808 263339
18881 263445
3549 53237 53237 262753
11835 52591 52591
22356 28576
18881 16685
3549 12989 28625 2906 2906 2906
25933 262695 61729
8167 61785
262589 52280 14259 52267
3549 28329 263432
18881 262793 262793 262793 262793
3549 53151 53151 53151
3549 16735 262777
18881 23289
18881 262466
3549 28329 52596
18881 52765
3549 53237 53237 53237 52721
3549 52983
3549 53143 28349
18881 53237 53237 53237 53237 61657
3549 53237 53237 53237 61917
3549 263612
3549 16735 11432 11432 53208
22356 27682
18881 263047 263324
18881 52610
3549 262854 61686
3549 16735 10733 10733 10733 10733 10733 20142
14840 52803
18881 53087 262681
262589 28168 28266
11835 61717
3549 61568 28624 52732
3549 12989 263357
3549 23106 53072
14840 262907 52734
3549 16735 262510 262510 262510 262510
28303 262309
14868 53065
22356 28576 28576 262516
22356 28666 28239
18881 53178
3549 262599 262599 28210 28210 52753
18881 262663 262663
11835 28223
18881 263043
28303 28146 28146 28146 28146 28146 28146 262893
3549 23106 262628
28343 262332
28303 28146 28146 28146 28146 61765
18881 21758
3549 262561 52898
3549 12989 262659 52579 52563
11835 262736
28303 52775
3549 23106 28656 262961
11751
3549 28667 262877
3549 52530
18881 262587 263101
262589 52280 14259 27899
3549 53237 53237 53016
3549 16735 28263 53080
18881 52688
28303 61639
3549 28226 52522
3549 16735 28245 52744
18881 52965 262642
3549
3549 16735 28327
14840 263377
22356 262406
18881 262998
11835 61895
8167 28169 263441
18881 52559 263112
3549 16735 11432 11432 11432 11432 11432 11432
3549 16735 53171 262346
18881 52965 262604
25933 263604 263604
3549 53237 53237 53237 262462
14282 263538
8167 52742 52742 52742 52742
3549 262717
3549 28196
18881 61568 53045
28343 61921
14868 263011
3549 16735 262761 28341
3549 263601
18881 264397
8167 262544
3549 16735 263567
14282 262493 262892
18881 263548
14868 262524
3549 61568 28368 28368 28368 262716 262716 262716 262716
18881 263100
3549 23106 52529
22356 28204
18881 262773 262773 262773
3549 16735 28263 263493
3549 53237 53237 53237 263069
3549 16735 27693
14868 52760
18881 26598
3549 28580 262333 262333 262333 262333
14868 262415
22356
3549 12989 2 52752 53158 53158 53158 53158 53158
3549 53237 53237 263546
18881 262999
3549 12989 262673
28663 35204 35204
8167 262845
3549 16735 28137 28137
3549 28329 52902
3549 10753
8167 53063
3549 262561 263326
8167 262772
28303 28614
3549 53237 53237 53237 263457 263457 263457
18881 263080 262784
3549 262599 262664 28214
3549 16735 52657 52657 52657 52657 52657
14868 28181
3549 16397 28216
3549 28329 28329 52678
14868 262678 262678 262678
28267 14457
3549 16735 28189
18881 262434
18881 52762
18881 52965 53160
3549 10954
18881 28224 262416
3549 16397 53143 263075
8167 26606
3549 12989 22177 52818
3549 262599 262599 262599 263585 52773
10881 28193
18881 53077
18881 2716
14868 263166
18881 28173
3549 16735 263672
3549 16735 262996 52904
262589 52280 14259 16921 16921
18881 263276
18881 262687 262687 262687
18881 28142 262911
3549 16397 16397 16397 16397
8167 28169 53023
3549 11432 263491
3549 11432 11432
18881 262491
18881 262621 262621 262621
28343 28192 28288
3549 53237 53237 53237 61791
18881 263384
3549 23106 23106
3549 61568 28368 28368 28368 262274
3549 28250 28268 263475
14840 262907 262543
28343 262980
28343 262443
3549 16397 53044
3549 23106 52883 52883 52883 52883
262589 52280 14259 21753
11835 262641
25933 61830
25933 262985
262318 28670
8167 263094
18881 28359 28359 28359
3549 12989 262659 262622
3549 53237 263641
25933 262883
18881 28360 263054
18881 28224 53238 53238
8167 28121
3549 53018 61901
25933 52751
3549 21571 21571 21571 21571 21571 21571 21571
18881 52998
3549 16397 53143 28349
18881 28584
3549 53237 53237 53237 53237 52764
3549 16735 52958 52958 52958 52958 52958
18881 262368
3549 53215
28303 263565
14840 52892 263126
3549 262337 262337 262337 262337 262337 262337
262589 52280 14259
262589 28168 53062 28208 52986
3549 12989 22177 22177 22177 52782
262589 52280 14259 12956 7004 16629 27735
3549 19602
3549 16735 28263 263062
1916 28609
3549 16735 262650
18881 263465
263076
18881 263045
3549 14868 53046
3549 23106 52713
3549 26592
3549 52770 52694
3549 28329 263140
8167 262849
18881 263080 52945
262970
3549 52862
11835 262847
14840 262907 53015
3549 26592 262310 52962
8167 262389
18881 262687 52960
11835 28158 52570
18881 262700
3549 61568 53087
3549 16735 263632
18881 262827
3549 28329 61649
18881 263089
3549 262429 52770 263297
3549 28598 262832 52679
18881 263257
3549 262588
3549 16735 11432 11432
22356 61813
18881 262435
3549 61568 53087 263617
8167 52867
18881 52911
3549 262337
8167 262583 262583 262583
3549 16735 28263 53126
18881 28669 53101
3549 262599 61867
3549 16397 28127
262589 52280 14259 12956 7004 7004 7004
8167 262280
28303 28281
3549 16397 36408 36408 36408
3549 28329 263584 53236 53236 53236 53236 53236 53236 53236 53236 53236 53236
28303 263660
262589 28168 28266 263280
3549 28329 262839 262839
3549 16735 22548 112
8167 26622
14868 52677
28303 52861
3549 16735 10733 263136
18881 28669 53247
3549 28242
18881 263391
3549 28329 52573 52730
3549 16735 53006
25933 53174 53241
3549 28594
262589 28168 53062 263573
3549 26606
3549 23106 53064
18881 262687 262600
3549 23106 262851 61885
262589 52280 14259 6762 27986 16921
262589 28168 28294
14840 262907 61695
3549 28368 61825
3549 263444 28207
3549 16735 28201 28201 28201
28303 28146 28146 28146 28146 264396
3549 22548 42385 42385
3549 28226 52866
8167 28662
14868 28285
11835 262437
3549 16735 262761 263062
14868 52845
3549 28226 52840
18881 61945 263519
18881 28155
14868 61690
8167 263454
3549 23106 23106 23106
3549 28580 53191 53190
8167 262508
18881 52944
3549 16735 28150 28150 28150 28150 28150
18881 10733
25933 53048 262417
11835 52616
8167 263400
14840 3573
11835 28158 52724
14282 263155
8167 263107
18881 28142
3549 16735 262767
3549 52610
3549 12989 262413
18881 16685 18836
3549 23106 52712 52712
3549 16735 262428 262428 262428 262428 262428 262428 262428 262428 262428 262428 262428 262428 262428 262428 262428 262428
18881 61745
3549 16397 262686
18881 53227
262589 52280 14259 3549 21838 19338 6429 25718
28303 262746
18881 262789
18881 52966 52966 52966
28202
8167 52891
18881 262426 262426 262426
3549 16735 262268
1916 2716 22819
3549 52770 61893
28303 28146 28146 28146 28146 28146 28146 263334
18881 16685 13495
8167 15256
3549 61568 28368 28368 28368 263342
3549 28306 263591
28303 28283
3549 16397 53243
1916 53166
18881 53137
28303 61764
3549 16735 262761 28324
3549 28250 263453
8167 262355 263647
3549 28329 52957
3549 28178
18881 263321 263596
18881 262496
8167 28630
3549 16735 53171 262346 262346 262346 262346 262346 262346 262346 262346 262346 262346 262346 262346 262346 262346 262346 262346
1916 262534
3549 28368 262293
18881 28309
25933 262891 263529 263529 263529 263529 263529 263529 263529 263529 263529 263529 263529 263529 263529 263529 263529
8167 263122
18881 28269
14840 263539
10881 263083
3549 28329 52962
3549 52579 262721 52645
11835 52560
3549 262624
3549 16735 53059
8167 53240
3549 28292
18881 52532 11431
18881 52537
3549 53237 53237 262503 263362
3549 16735 53064
18881 28359 262688 262290
3549 26592 28165 28165
3549 16735 52783 52783 52783 52783 52783 52588
18881 262814
18881 52827
8167 61866
18881
3549 52579 28337
3549 61890
3549 28368 28368 61820
3549 28220
25933 22128
3549 28198 28348
3549 16735 52661 52712
262778 11751 11751 11751 11751
18881 263587
3549 262834
3549 16735 262568 262568 262568
18881 28135 28135 28135 262773 263302
3549 16735 262785
3549 53237 53237 28652
3549 28329 52573
3549 16735 28326
3549 28306 53059 61716
3549 16735 262760 61839
3549 16735 52835
3549 263432 263591
3549 28329 263397
18881 263047 263008
18881 52871 28346
18881 52871 262668
3549 12989 28165 28165
8167 53026
28271
18881 52566
3549 28329 52720 52720 52720 52720 52720 262735
8167 3917
8167 28602
8167 28256 28256 28256 28256 28256 28256 28256
8167 53103 53103 53103 53103 53103
8167 53149 53149 53149 53149 53149
18881 262365
18881 264361 264361
18881 26609 52531
11835 263616
25933 61893 61893 61893 61893
3549 12989 262901
14868 262433
18881 263443
3549 61568 53087 262946
3549 28580 52818
14840 263254
3549 28368 28368 28225
3549 28329 53195
3549 263444 28654 262520
11835 53065
18881 262649
22356 28668 28668 28668
3549 28311
3549 26592 263658
18881 262687 262687 262687 52554 263667
3549 263444
18881 53078
25933 52799
3549 52674
3549 16735 11432 27697
3549 16397 28644
18881 11432 11432 11432 11432 11432 11432
3549 16735 263469
3549 12989 28202
18881 28669 28143 28143 28143 28143 28143 28143 28143 28143 28143 28143 28143
14840 262907 52948
8167 262962
3549 262750 263420
18881 262669 263054
18881 262481
3549 16735 262717 262487 262487 262487 262487 262487 262487 262487 262487 262487 262487
3549 16397 262686 262686 262686 262686 262686 262686
262589 52280 14259 6762 2914 12008
3549 16735 53171 52940
28303 262695 262284
28303 52813
3549 16735 262988 262988 262988 262988
3549 28580 262729
3549 12989 262659 262493
18881 262999 53163 263473
18881 262698
25933 262848 262848 262848 262848 262848 262848 262848 262848 262848 262848 262848 262848
8167 28223
18881 28360 263099 52741
8167 53234
18881 61830
18881 52965 262460
8167 61881
18881 52932
18881 262504
3549 28329 52917
3549 28329 262880
3549 61568 262740
18881 263437 53183
3549 28665
18881 262593 61763
3549 12989 262765 263568
3549 28299 28141 263263
18881 53134
3549 16735 28191
3549 16735 52838
18881 28135 53176
3549 7313
3549 16735 262442
3549 53237 53237 52801
3549 16735 262775
3549 28368 52683
3549 53237 53237 53237 262531
3549 12989 2 52752 53165
18881 52696
3549 16735 52747 52609 52609 52609 52609 52609
18881 26616
18881 52762 263518
3549 61568 52568
262589 28649 262730
3549 21574 262525
3549 28250 263632
25933 263441
3549 28260 262297
3549 28283 53053 53053 53053
14840 52751
262589 52280 14259 16990
3549 7257
3549 53018 53018 53018
3549 263500
18881 53137 52685
3549 16735 21595
3549 10362
262589 52280 14259 27678 28377 28498
3549 16735 52708 262517
28303 263386
18881 26609 53038 61692
3549 16735 27693 53117
3549 16735 28284 262353
3549 61568 28368 28368 28368 262706
3549 28667
14868 263451
8167 52813
3549 53237 262766
3549 16735 28178
3549 18881 262660 262723 262723 262723
18881 263004 52934
3549 16735 262730
18881 28606
8167 262990
3549 16735 53182 53182 262940
18881 61945 263519 263519 263519 263519
28343 262443 263018
28303 53230
262589 28168 52683
262589 28168 61687
22356 61163 61163 61163
11835 262482
3549 28306 61713
3549 16735 52899
3549 16397 263080 263080 263080
8167 52564
8167 52544
18881 53043 52932
3549 262455
14868 264364
18881 52965 52605 52605
18881 61850
28343 263285
18881 263484
18881 61868
3549 53237 262779
18881 28669
3549 61568 61888
3549 28368 262327
18881 28158 52570
11835 52817
18881 262865
3549 28197
8167 28629 28629 28629 28629 28629 28629 28629 28629 28629 28629
3549 53162
3549 16735 28125
28303
22356 18547
28303 262695
3549 22341
3549 28329 262565
22356 28204 264367
18881 28669 262558
25933 262544
14282 262289
22356 28668 262281
3549 12989 53847 53847
25933 262879
8167 11993
25933 262732 262732 262732
3549 53075 53025
18881 263053 262401 263120 263120 263120 263120
18881 263053 262401 262623
1916 262876
3549 16735 52943
11835 52724
3549 262688
8167 28283 61770
3549 262561 263451
3549 28598 52589 61829
3549 16735 262860 262860 262860
18881 28224 263439 263439 263439
3549 16735 28583
25933 262741
3549 53237 53237 53237 11338
262589 28168 28266 262875
3549 52579 28668
262589 28168 53062
11835 52607
18881 262688
18881 52822
11835 28592
3549 16735 52578
25933 263003
262589 52280 14259 262224
3549 61568 263287
28303 262957
3549 18881 28198
3549 16735 28615
18881 14840 52568
3549 23106 262514
3549 16735 262733 262733 53058
18881 52547
3549 52974 61878
3549 28250 52631
18881 52901
11835 263567
18881 28224 53238
11835 262530
3549 28250 262552
3549 28368 28368 61701
3549 23106 262851 262851 262851 262851 262851 262851 52695
28303 28146 28146 28146 28146 263481
14868 52630
18881 263582
3549 28310 52850
18881 263523
3549 16735 61844
8167 28285
8167 52933
25933 262416 262416 262416 262416
3549 16735 263312
3549 16735 28263 262535
3549 16735 28294
3549 16735 262996 262791
18881 262773 262773 262773 262773 262773 262773 262773 262635
262589 52280 14259 52460
18881 52622
8167 262897
3549 28226 262807
3549 25933
14868 14457
25933 263520
3549 16735 262992
3549 28368 28368 262494
3549 53237 53237 53237 53237 263546 263294
18881 263047
3549 16735 28263 28263 28263
3549 28329 262394 28240 28240 28240 28240
14840 53222
3549 16735 52956 52540
18881 263391 263391 263391
3549 262750 262373 262373
18881 28224 53238 263004
18881 262671 262671 262671
3549 16735 263651
18881 262295
3549 28329 52720 52720 52720 52720 52720 53019
3549 12989 262706 263432 262899
18881 263262
18881 263080 28328 28328 28328 28328 28328 28328 52896
52976
18881 28173 262296
1916 2716 19200
18881 262669 52923
3549 16921 46108
8167 28283 61847
25933 262848 61788
14868 262292
3549 16735 52650
3549 28368 263327 61837
3549 16735 52558
3549 26592 262329
18881 52965 262560
3549 16397 52880
28303 263408
28303 263539
18881 53015 28278
3549 28598 262832
28303 28146 28146 28146 28146 28146 28146 263032
1916 11242 263325
14868 61870
18881 262476 263654
3549 16735 263512
3549 23106 28281
3549 16735 52900
3549 16735 262282
3549 16735 52747
3549 28580 263355
8167 28278 28278
3549 16735 28163
18881 262388
25933 52920
8167 263581
3549 16397 263525 263525 263525
3549 28250 28198 28198 28198
8167 262747
18881 262611
22356 262355 262586
14840 263416
3549 18881 53115 53115 53115 53115 53115 53115 262982
3549 61568 262465
3549 16735 262814 28588
11835 263586
3549 26592 262724
3549 21574
18881 28173 28328 262557
14840 28288
18881 52993
3549 28368 263665 263146
3549 262599 262599 28210 28210 262519
1916 10417 47065
11835 53119
3549 28368 263064 52562
18881 53202 52603
3549 26592 263395
1916 262857
3549 16735 28263 52814
14868 262657
11835 61725
25933 52844
3549 12989 262659 52579 28335
18881 263080 28328 28328 28328 28328 28328 28328 61814
8167 263371 263371
18881 28605
18881 262748
8167 28103 263192 263192 263192 263192 263192
18881 262999 262960
3549 263444 28187
12140
8167 2716
262589 52280 14259 12956 7004 16629 52248 52248
3549 53237 53237 263546 263268
8167 18739
3549 28329 52720 52720 52720 52720 52720 53236 53236 53236 53236 53236 53236 53236 53236 53236 53236
3549 16735 262696 53199
22356 28666 263290
18881 28620 28620 28620
28303 262341
8167 23456 262667
18881 53087
3549 28250 263460 262805
18881 52677
14840 53137
262589 28168 53224 262682
22356 262355 262548
25933 263510
18881 28212
18881 28360 263252
22356 28204 263513
18881 263265
18881 28369
18881 263080 262296
18881 53087 263086
3549 262429 52770 53061
3549 18881 52545
18881 28155 26622
18881 28592
3549 26592 22407
3549 16397 262744 262744 262744
3549 18881 52625 52625
3549 52579 263502
8167 263371 263371 263371
25933 61915
8167 52855
3549 52716
3549 28580 53191 53036
3549 28368 262312
28303 262311
3549 14781
8167 53193
3549 26592 263390
18881 262773 262773 262773 262323
3549 16397 28165 28165
3549 53127
3549 28329 262562
18881 52881
262589 52280 14259 19077
8167 263129
18881 262476 263459
3549 11911
18881 61714
18881 52847
8167 17108
11835 263640
3549 28368 263338
3549 28250 28268
18881 28669 36032
18881 61838
8167 53062 264383
28343 52606
18881 53237 53237 53237 53237 61925
8167 28283 28283 28283 28283 28283 28283 28283 28283 28283 262953
11835 52705
262589 28168 61758
3549 16735 19960
18881 263080 262582
18881 262637
3549 16735 28195
3549 28368 28190
3549 28142
18881 28135 262738
3549 52770
18881 28360 262351
18881 28669 263162
3549 53184 53184 53184 53184 53184 53184 53184 53184 53184
22356 262981
18881 263072
18881 262591
18881 263385
18881 263374
1916 21506
3549 16735 28138
3549 28299 262407 262407
22356 28666 52675
28303 28146 28146 28146 28146 263017
8167 262459
3549 26592 2906
3549 16735 52632
8167 52843
18881 262773 263259
25933 53009
3549 16397 53055
3549 263444 28153
18881 263004 263004 263004
3549 16735 263615
3549 12989 53070
11835 262847 61938
28303 28577
3549 23106 262504
3549 12989 2 52752 61815
3549 28283 52841 52841 52841
3549 53096
3549 262750 53180 28360
18881 53097
3549 12989 2 52752 262791
3549 12989 262659 263541
18881 28360 263570
18881 263057 61849
3549 16735 263645
3549 28250 262336
18881 52655
18881 28336
3549 12989 262706 263432 263305
3549 262599 262808
18881 263040
8167 53178
3549 16735 10733 263332
3549 53224
18881 28128
3549 16735 28572
3549 28250 28175
3549 12989 262659 262493 14463
18881 263551
3549 53145 53145 53145
22356 28299
3549 52604 263527
18881 262687 262855
3549 28368 28368
3549 28283 53053
3549 53237 53237 262503
18881 28135 52777 28261
262589 28649 262350
3549 28667 28277
3549 53237 53237 53237 53237 263546 263268
11835 262408
262589 52280 14259 18492
3549 28329 61678
11835 263027
3549 28271 262279
3549 16735 28150
3549 18881 262688 262302
3549 262421 53018
18881 52779
3549 16735 263496
11835 28158 52591
3549 28306 262640
3549 28299 52848
3549 28329 52720 52720 52720 52720 52720 52901
3549 16735 52530
3549 262273 263337
22356 28576 28576 53100
25933 262695
3549 28220 262959
3549 28626
3549 12989 28625 30419
262589 52280 14259 52315
14840 262636
18881 28360 53094
3549 11432
18881 52965 52702
18881 262551
8167 263077
3549 28283 53053 53053
14840 262907 263604
3549 16735 11432 11432 11432 11423 11432 11432 11423 11432
3549 53237 52747
8167 53066
3549 16735 262691
3549 12989 28640 28370
25933 262464 262464
18881 263025
22356 28666
3549 28329 263584 53236
3549 52604
18881 61945
3549 28329 52720 52720 52720 52720 52720 262325
3549 16735 52875
14840 262303
18881 262476 52730 52730 52730
3549 16735 263611
3549 28250 263460
25933 262837
25933 28605 263052
28303 28146 28146 28146 28146 263032
3549 28329 262352 262352
22356 53141
3549 16397 35788
3549 16735 28201 28201 28201 263440
25933
18881 28205 262351
18881 262822 262822 28323
3549 53075 26615 28244
18881 262822 262822 28139
18881 262490
18881 53202 262409
18881 27715
18881 263298
18881 262449
18881 262999 53163 263622
3549 52996
3549 16735 263494 263043
3549 11271 28586
18881 263080 262474
3549 262788
14840 28259
11835 28158
8167 262269
11835 28158 61892
18881 263099 52601
18881 263080 262474 52946
3549 53224 263424 263424 263424 263424 263424 263424 263424 263424 263424
3549 16735 262986
18881 61906
18881 262793 262793 262793 262793 28230
28663 61813
262589 52280 14259 6762 2914 27978 6429 262167
3549 16735 28214
3549 16735 27693 53089
3549 16735 52708
14868 262968
14840 28595
3549 16735 262375
8167 262390
3549 28250
3549 262599 262599 28210
3549 16397 262609
18881 262526 28638
1916 10417 52853
18881 52564
3549 28329 52549
22356 28666 263447
3549 28329 52720 52720 52720 52720 52720 262687 18881 26615 61848 52739
3549 28198 28198 28198 61840
3549 12989 2 52752 52780
11835 263002
18881 262526
18881 262426
262589 52280 14259 12956 7004 52441
18881 263080 52574
3549 41707
3549 16735 28342
28663 21911
3549 262561 61841
3549 16735 262761 263336
3549 28368 263064
18881 263080 262374 263545
28303 262811
3549 53052
18881 262476 61844
8167 52734 52734 52734 52734
3549 53237 53237 52635
11835 263586 263586 263586 263586
3549 12989 262659 52579 262708
3549 28306 53059
3549 16735 262444 262444 262444 262665
3549 11271 206
18881 263269
1916 10417
28343 262856
3549 16397 26704
18881 53015 53015 53015 53015
3549 16397 53008
18881 28580
11835 53088
18881 53015 53015
18881 262802
3549 16735 53182 262684
18881 52783 28154
11835 61872
3549 12989 52925 28313
18881 52746
3549 22548
3549 12989 27720 27688 27688
18881 61568 263287
52976 52989
3549 16735 28309
18881 262581
11835
262589 28168 53062 52984
3549 52610 263254
18881 262540
18881 263080
25933 262891
3549 28580 61899
11835 262645
3549 262750 262973
13522
262354 52680
3549 16397 262344 262344 262344 262344
3549 262354 262354 262354 262354
14840 53192 53192
3549 16735 28280
3549 28242 263607
28303 28146 28146 28146 28146 52570
3549 16735 262652
3549 61568 52832
14840 61889
3549 16397 28349
3549 28329 52720 52720 52720 52720 52720 262868
262589 28168 262375
14840 262907 262542 262542 262542 262542 262542 262542 262542 262542 262542 262542
3549 53237 53237 263546 263294
8167 262697
14868 262411
3549 23106 52758 52765
11835 52821
3549 262887
8167 28169 263048
18881 263417
3549 28329 52720 52720 52720 52720 52720 52707
3549 16397 28265 28265
18881 52970
8167 262756
8167 52803
28343 61688
3549 28368 263327 61943
3549 61568 53045
14840 28155
3549 28580 262862
18881 28135 262604
22356 14463
28343 262978
18881 262687 262600 52879
3549 28620
3549 28580 52887 52887 52887 52887
18881 263288
262778 52577 52577 52577 52577 52577 52577 52577 52577
3549 53209
3549 28329 262737
262589 28168 28257
14868 61895
18881 262671
3549 12989 22177
3549 16735 61844 52807
1916 2716
262589 28168 262293
3549 12989 28625 15133 15133
3549 28250 53077
18881 53237 263374
18881 28258 53196
22356 22071
3549 262717 262949
3549 22683
18881 13914
18881 52610 262407
25933 28639
18881 52926
28303 263670
3549 16735 28358
18881 263080 262497
3549 52579 263314
8167 53240 53240 53240
3549 16735 52990
262589 28168 53062 262396
3549 52925
18881 263047 262485
3549 262788 52689 52689 52689 52689 52689 61908
3549 53237 53237 28188
3549 28329 263577
18881 28669 28143
3549 22381 28320
3549 28274
28663
3549 16397 28165 28165 28165 28165
3549 23106 61877
3549 262599 262664
18881 262689 52761
18881 28244 28300
3549 28250 28198
262589 52280 14259 16874
25933 28155
262589 28168 53062 262592
18881 28669 262836
3549 61568 53087 262634
262790
3549 16735 263494
3549 28220 262748
14840 262907 262625
3549 28329 52957 263299
3549 12989 42473
3549 16735 262444
3549 52770 52643
262589 28168 262375 262375 262375 262375
25933 61883
3549 16735 16735 16735 28247 28247 28247 52575
3549 28329 52720 52720 52720 52720 52720 263636
3549 16397 28165 61823
18881 262470
3549 16735 53011
3549 11271 10429 12956 6830 50207
28303 28146 28146 28146 28146 53206
8167 28586
3549 53127 53127 53127 53127 53127
22356 28666 262797 262797 262797 262797 262797
3549 28368 53233
11835 263404
3549 262745
18881 263057 263153
3549 262561 52876 52876 52876
3549 262788 52689 52689 52689 52689 52689
3549 12989 2 52752 52769
3549 262750 262373
3549 28154 262992
3549 263444 28224 28224 28224 28211
3549 16735 28245 262892
18881 262687 262687 262687 52554 262960
11835 263011
18881 28135 52777
25933 263597
28303 28146 28146 28146 28146 263006
14840 262907 52734 52734 52734
18881 262687 262687 52872 52872
3549 262762 262762 262762 262762 262762
18881 263057
11835 52577
3549 28368 53246 61943
14868 262298
14840 53175 61921
3549 28329 263328 263328 263328 263328
18881 53112
8167 262536
3549 16735 262760 263131
3549 16712
3549 26592 262310
8167 53112 61653
11835 52630
3549 52579 262721 61718
18881 262822 262822 53132
3549 263432
18881 52783 263535
14840
18881 53237 53237 53237 53237 52780
28303 263634
28303 262539
3549 12989 53122
22689
3549 61568 28624 52543
3549 26592 52937 262367
25933 262419
10881
18881 52582
3549 12989 30081 30081 30081
3549 52839
3549 16735 53059 53095
18881 28224 53238 61662
3549 28598 28598 28598 28598 263024
8167 26415
3549 262599 262599 28210 28210 262271
28303 263030
3549 16735 262314
3549 53237 53237 53237 52742
8167 53175 61921
18881 262856
3549 52662
3549 262413
3549 53224 52901
3549 262429 52770 52634
18881 53033
262589 52280 14259 52452
3549 61568 262560
3549 53237 53237 61658
3549 11921
8167 263425
3549 23106 52758
18881 263621
262589 28168 53062 52952
3549 16735 262996 263154
3549 12989 53070 28325
18881 262358 262358 262358 262358
8167 28256
11835 263495
3549 28583
3549 12989 2 52752 61926
3549 26218
3549 61568 28624 262738
3549 16735 28201 28360
3549 16735 52697
3549 28234 28234 28234
18881 262725 263433
14840 262464
3549 28368 28164
8167 53112
3549 12989 28625 11303
14868 263393
3549 28329 262993 262993 262993
14282 263265
3549 16735 28311
18881 262605 262605
18881 52547 61794
18881 262476 262588
3549 11271 28243
3549 28329 263340
3549 22548 35052
3549 53237 53237 53237 53237 53138
3549 28198 28198 28198
3549 61568 53087 61905
18881 28184
3549 16735 28245
3549 12989 27720 262949
262589 52280 14259 15208
262589 52280 14259 6762 27986 6471 28059
18881 53153 61905
18881 262721
28303 53048 53048
3549 28250 262270
3549 16397 11892
3549 16735 263504
18881 263646
3549 53237 262308
18881 263598
262318 263626
3549 53237 53237 262462
8167 28292
25933 53174
3549 16397 262329
18881 52559
18881 28158 52724
18881 53007
3549 12989 262659 52579 28668
18881 263080 262374 262374
3549 28329 263137
18881 263108
8167 28130
8167 262697 263119
262589 52280 14259 27732
3549 16735 262867
8167 28357 28357
18881 263047 263499 263499 263499 263499
3549 28598 28160
8167 262437
14868 28369
3549 28250 16891 16891
18881 52846
28303 263582
11835 262911
14868 264365
3549 16735 53079
18881 262283
3549 16735 27693 53213
3549 262599 262599 262571
18881 262311
3549 16735 61702
3549 12989 28202 262314
3549 53237 53237 53237 263457
18881 28241
3549 28598 262832 52535
18881 53087 53233
18881 61682
3549 263364
18881 53028
8167 262759
3549 28250 52608
3549 23106 28656
3549 16735 28219
262778 52577
3549 16735 262952 262952
3549 262717 262949 262949 263387
25933 52869
3549 262750 53005
18881 263096
3549 28171 263431
262589 28168 53062 263613
3549 12989 22177 52941
3549 53124 53124
3549 16735
3549 16735 27693 53081
14840 52750
262589 52280 14259 27853
18881 263482
14868 61762
3549 28329 263583
14840 28642
3549 16735 262699 263535
262589 28168 53062 263005
8167 10954 22515
3549 53224 52787
3549 36224
22356 28124
3549 6979
18881 263560
18881 262997 262947
28303 28283 28283
3549 18881 53115 53115 53115 53115 53115 53115
3549 12989 2 52752 262875
3549 16397 28593
3549 16735 28313
3549 22381 262585
3549 28329 52957 263401
3549 53224 263424
28303 52604 263014
14868 53119
3549 16397 53013
262589 52280 14259 12956 7004 52439
8167 262316
14868 263428
3549 28598 52589
14868 52719
14282 262493 52638
18881 263080 53022
8167 262524
3549 16735 53182 53182 53182 263389
3549 28299 262591
18881 28278 28278
25933 262416
18881 263080 262374 263526
18881 61803
3549 28604
263055
8167 28103 52455
18881 28173 52972
3549 23106 262851 263121
3549 16735 28202
18881 53065
28303 28146 28146 28146 28146 262746
3549 61667
3549 21734
25933 262459
3549 23106 52701
3549 53237 53237 53237 262517
3549 28329 28250 263460
18881 53102
18881 53087 262681 262400
3549 16735 27693 61816
3549 262854 262854 262854 262854 262854 262854
14868 262831 262831 262831 262831
3549 16735 262484
28343 28192 11802
3549 53237 53237 53237
18881 263344
18881 52965 61854
3549 53159
3549 61568 28368 28368 28368
18881 53024
11835 61910 61910
3549 16397
3549 16735 28263
11835 262905
18881 263650
262589 52280 14259 16921 16921 36408
3549 28329 52720 52720 52720 52720 52720 61919
3549 16735 28362
3549 28283
22356 28590
28303 262759
18881 52783
3549 262273
18881 262878
18881 16685 22356
3549 52974 263270
18881 28299 263092
25933 53062 263036
18881 263580
11835 262298
3549 12989 22177 52686
28343 61748
8167 12140
3549 28250 262448
18881 263047 263499 263499 263499 263499 263499 263499
18881 263341
3549 17222
3549 12989 28625 58620
3549 16735 52900 52900 52900 52900 52900 52900 52900 52900 52900 52900
18881 52786
25933 52600
8167 52649
3549 16735 263531 53110
3549 28329 262989
3549 28591
25933 52748
14840 262544
3549 12989 2 52752
3549 16735 262733 262733 262418
262589 28168 53169 263004 53238
18881 28359 28359
262589 52280 14259 28106 28106 28106 28106 28106
11835 28158 61717
3549 28368 28368 263346
262589 52280 14259 262233
18881 52660
18881 263321
25933 61893 61893
3549 262429
3549 61568 28368 28368 28368 263327
3549 28329 52573 263654
3549 61568
3549 28329 262597
3549 28329 52596 61754
25933 22128 22128
3549 11271 10429 12956 3292 5624
28303 262856
18881 3573
3549 28329 263467
3549 22548 30122
18881 262822
3549 28368 262532
3549 16735 262761
14868 263507
18881 52965 262615
3549 264356
18881 61703
18881 262687 52554 52739
18881 52762 263351
28303 28146 28146 28146 28146 53178
8167 52910 52910
3549 263432 263305
3549 52968
28343 262782
18881 262469 262469 262469 262343
18881 61857
262589 52280 14259 28091
14840 28636
18881 61900
28343
14840 52748
20144
22356 262355
14282 14282
3549 53237 53237 53237 262304
3549 16735 28360
3549 28329 52720 52720 52720 52720 52720 53045
18881 262997 52536
3549 53224 52916
8167 262309
3549 16735 262699 263266
3549 14201
262589 52280 14259 27678 52234
18881 52636 52636 52636 52636
3549 28270
3549 28250 61754
11835 263317
3549 14840 61889
3549 28613
28303 263486
18881 263080 52778
3549 263444 28654
18881 16685 263071
3549 28329 52527
3549 16735 28258 262749
3549 28310
3549 53237 53237
1916 28301
3549 52579 262721
11835 262871
10881 10412
18881 262399
18881 53015
28303 28146 28146 28146 28146 262360
3549 28664
8167 262434
25933 53223
3549 262838
3549 28329 52580
18881 61568 262465
3549 28306 262547
3549 12989 53237 53237 53237 53237 28652
8167 28169 263061
14868 262678
18881 53010
25933 28605
3549 61568 263073
3549 53237 53237 53237 61655
18881 262748 53176 53176 53176 53176
8167 26107
3549 28329 262632
18881 263053 263675
3549 61568 53087 262601
3549 28250 52791
14868 263495
3549 16735 10670
3549 16397 262501
28303 263551
8167 263661
18881 53087 53087 53087 53087 53087 53087
18881 28594
18881 262881
14650
18881 52802
28303 52516
18881 28278
3549 206
3549 262854 262854 262854 262854 262854 262854 262854
3549 53075 53025 53029
8167 28603
18881 53090
3549 53224 52897
3549 53224 52991
3549 12989 28625 52668
8167 28283 28283 28283 28283 28283 28283 28283 28283 28283 263126
18881 52846 52846 52846 52846 52846 52846 52846 52846 52846 52846
18881 28145 263616
3549 16735 28306 263591
18881 262469 262469 262469
3549 262688 262688 262688 262688 262688 262688 262436
3549 52610 262407
3549 28306 52918
3549 12989 27720 262403
10412
18881 53050 262825
8167 26104
3549 28274 7298
3549 52610 28283 53165
3549 16735 262282 262487
3549 16735 28250 61894 61894 61894 61894 61894
3549 14346
8167 28145 28621
18881 262526 52654
18881 53078 262817
3549 28209
1916 52886
3549 16735 27693 263331
1916 12654
28303 61950
18881 262414
3549 28198 52576
3549 53224 262682
3549 52770 262798
3549 28598 262832 263592
18881 61802
25933 53137
11835 52745
18881 262740 263413
3549 53237 53237 262975
18881 52965 28131
3549 16735 53041
262589 52280 14259 12956 7004 27856
3549 28306
3549 53237 53237 53237 262404
3549 16735 52951
1916 262742
19723
18881 52965
3549 16397 53243 53243 53243 53243 53243
8167 28103 263192 263192
28303 11802
18881 262476 262720
3549 53230
1916 28571 28571 28571 28571 28571 28571 28571 28571
8167 52885
3549 28329 52957 262602
22356 28666 262686
18881 263057 61663
3549 16509
3549 16735 16735 16735 28247 28247
18881 52965 52819
3549 28329 28329 28329 28329 52720
3549 16735 52518
3549 16397 28165 28165 28165
18881 53207
8167 28248
3549 16397 61808
3549 12989 2 52752 53158
18881 262822 263382
11835 14457
18881 262822 262822
1916 53164
3549 16735 262469 262469 262469 262469
3549 263444 28153 61636
262589 28649
8167 53112 61653 61653 61653
3549 262421
18881 263053
3549 53237 52769
3549 28368 28368 53246
18881 262457
262589 52280 14259 27888
14868 61931
25933 52830
3549 12989 22177 22177 22177 52782 52782 52782
3549 16735 28284 53152
262589 52280 14259 6762 2914 27978 6429
11835 262841
18881 52660 28125
3549 16397 28272
18881 262476 28640
3549 11432 262546
3549 28329 28214
8167 262434 263419 263419
18881 263004 263029
18881 28145 52616
3549 16735 28163 28163
3549 16735 52736
18881 53066
3549 16397 262545
18881 262781 263304
3549 11432 262605 262605
18881 262859 53087 52565
8167 14282 262289
11835 263561
3549 28299 52851
3549 52974
18881 262748 262726
3549 12989
18881 26609
28303 263289
3549 28368 262494 264373
3549 16735 61934
14840 52869
1916 262829 262829
14868 263532
14840 61889 263015
3549 28368
18881 28327
3549 16397 262446
18881 262687 262687 262769 262769
28343 262443 263018 61821
18881 262773 263564
262589 52280 14259 6762 11014 11014 16921
3549 16735 52614
14840 262907 262830
14868 262863
18881 52871
18881 28360
18881 52972
18881 262687 262687 262687 262687 262687 262687 262600
18881 262737
18881 263053 262401 52650
18881 52993 61806
25933 52685 263263
8167 28103 263192
3549 16735 262330
18881 263047 52793
8167 22055
18881 262687 262600 262855
11835 262958
3549 16735 52661
1916 11242 263610
3549 12989 262659 52579 263502
3549 16735 28284 53152 262890
3549 28368 53233 53233 53233 53233 53233 53233 53233 53233
3549 263444 28654 1916
3549 262683
3549 52770 262715
8167 263458
18881 36224
18881 262689 262689 262689 52666
14840 53175
8167 262500
3549 53237 53237 53237 53138
14840 52598
3549 16735 28245 262538
18881 28145 263616 61766
18881 263576
28303 262575 262575
3549 11432 52969
3549 12989 2 52752 53169 263649
3549 28220 262726
18881 28279 52973 52973
18881 28639
14840 26363
3549 12989 2 52752 53061
18881 263418
3549 53237 53237 52804
3549 16735 27693 53069
3549 61568 53087 52565
18881 52699
18881 52965 262713
14840 61672
3549 262337 262337 262337 262337 262337 262337 262337 262337 262337 262337 262337 262337 262337 262337 262337 262337
22356 263461
18881 28307
3549 7465
18881 28622
52976 12140
3549 53021
18881 28135 263399
18881 52783 61642
18881 28660
28343 262311
3549 28329 262878
3549 16735 262313
18881 52907
3549 61923
3549 52925 16839
3549 22381 53083
18881 263555
8167 263058
3549 11271 3300
11835 263512
18881 262822 262822 263382
3549 16735 262696 53199 52726
18881 28224 53238 263503
3549 16735 263293
8167 262667
3549 28580 262333
18881 262587
1916 2716 28623
3549 262750 263345
3549 262599 262896
262589 52280 14259 6762 1239 13767 16921
14840 28269
3549 28310 52850 52850
14868 52852
18881 263396
11835 262978
3549 28310 52850 263515
25933 28259
3549 16735 28201
3549 53224 52528
3549 53010
3549 16735 28306 262506
3549 23106 262306
18881 263165
3549 28329 52720 52720 52720 52720 52720 262769
3549 28299 28299 28141 52851
3549 262509
11835 263166
18881 52946
3549 16735 262595
3549 28597
3549 28226 262807 262807 262807
3549 12989 22177 53133
3549 16839
14840 262907 52734 52734
3549 262594 52818
18881 61568 61888
8167 53048 53048 53048 53048 53048 53048
18881 262687 262687 262687 52554
28303 52669
28343 52693
3549 16735 262814 53064
3549 53237 53237 53237 52780
18881 262689 52711
3549 18881 262660
3549 61568 53087 263302
3549 61568 28615
3549 16397 262344
3549 53113
3549 23106 52712
3549 28631
25933 262419 262419 262419 262419
18881 52938
18881 52556
18881 262542
8167 28145 263616
8167 28145
3549 28329 28328
262589 52280 14259 12956 7004 22860
18881 262689 262689 262689 52711
3549 263444 28187 28152
25933 262848
3549 12989 17222 53120
18881 28359 28359 28359 28359
11835 28145
3549 23106 262851 52695
3549 16735 10733 262572
18881 263585
18881 262808
18881 262999 53163 263472
18881 26616 61896
18881 262388 263393
3549 12989 262659 52579
18881 262720
14840 263000
3549 52980
18881 262793 262793 262793 262793 28364
8167 28181
3549 16735 61776 52665
25933 262315
18881 52933 52933
28267 262348
14840 52922
3549 16735 28250
28343 263010
8167 28130 53226
3549 52982
3549 53162 28618
3549 53237 53237 53237 262270
3549 28623
3549 262429 61648
18881 10733 10733
3549 16735 28330
3549 52610 28283 52763
18881 262526 262527
3549 16735 262693
3549 16735 52898
3549 28368 28199
3549 262591
3549 61568 52709
14282 263554
3549 12989 52925 28630
8167 28103 52455 52455 52455 52455 52455 52455
3549 28329 52720 52720 52720 52720 52720 52960
28591
3549 262717 262278
18881 263072 52728
3549 28171 262977
18881 6979
18881 28224 53097
3549 18881 28299 263092
28303 263653
3549 262854 53219
22356 8055 28576 53084
3549 14868
3549 16735 21574 262566
262589 28226 52569
28303 262844
18881 52557
3549 16921 16921
18881 262859 53087 53160
8167 262688
14840 52674
3549 26592 263363
3549 263361
3549 28368 53246
3549 16735 53182 53182
3549 12989 2 52752 53013
28303 28212
28303 52950
3549 28667 61818
18881 263274
8167 263557
3549 53237 53237 53237 53138 61824
18881 52859
3549 16397 263379
3549 16735 28227
262589 52280 14259 262256
3549 53237 53237 52936
3549 12989 28625 28127
18881 28158 263303
3549 23106 262301 262301
18881 28135 262491
3549 16735 52956
18881 28367
18881 262773 263399
18881 22092
18881 28669 61780
3549 16735 18547 18547 18547
3549 11271 10429 12956 1273 15917
3549 52579 28335
22356 27715 27715 27715 27715
3549 12989 28640
3549 12989 53237 53237 53237 53237 262462 52833 52833 52833
25933 52734
262778
3549 53245
18881 262902
262589 28168 53062 53155
3549 28599
18881 27715 262518
3549 11432 262605
3549 6505 51964
18881 28360 28360 262314 262314 262314 262314
3549 262903
18881 26218
14868 262812
25933 53048
8167 28103
18881 263333
18881 262476 262425
3549 262673
3549 16397 16397 16397 262518
8167 53062 263119
1916
18881 28145
3549 262599 262599 28210 28210 52753 52753 52753
262589 52280 14259 12956 7004 28047
3549 16735 262288
1916 263605
11835 262806 52455
262589 28168 28266 53224 262682
3549 11271 11271 11271 11271
3549 16735 262761 263578
18881 53047
3549 28368 263490 263490 263490
3549 262594
3549 28329 263584 53045
14840 262907 263543 263543 263543 263543 263543 263543 263543 263543 263543 263543
18881 28605 263052
18881 262613
18881 262720 263090
3549 12989 28625 26107
8167 28629
18881 61690
3549 263556
25933 263604
8167 262997
3549 18881 53115 53115 53115 53115 53115 53115 262482
3549 262989
262589 28168 61758 52541
18881 28309 28309
18881 263109
18881 53223
3549 16735 52663
11835 28359
18881 262432
18881 28158
3549 26592 262572
3549 263479
8167 28595 28595 28595 28595 28595 28595
3549 262599 262599 262599 263585
28271 52997 52997
3549 17222 17222
3549 23106 262815
3549 28329 263584 52860
28303 263368
3549 28250 262319 262319 262319
11835 262900
8167 262482
3549 28329 52720 52720 52720 52720 52720 61919 28282
14282 262493 264352
3549 28329
3549 16397 263602
22356 262355 262500
18881 263603
18881 28224 61671
3549 61568 28624 262608 262608
18881 262967
3549 28329 52940 52940 52940 52940 263286
3549 28226 262509
3549 16735 28151
14282 52544
262589 52280 14259 17126 17126 17126 17126
8167 262688 262688 262688 262688 262688 262688 262821
1916 52888
3549 53237 262402
262589 52280 14259 27678 3132
3549 12989 22177 61928
3549 28329 262827
3549 16735 53110
8167 262311
262318
3549 28310 28161
262589 52280 14259 6762 174 27978 6429 27678
3549 52610 263092
8167 20940 20940
3549 28329 262737 263304
28303 262759 262396
3549 28368 28368 262494 61675
3549 262561
11835 262979
18881 28669 28645
3549 22548 31529
262589 28168 53062 52952 52952 52952 52952 52952
3549 12989 262659 52621
262589 52280 14259 11340
3549 16735 27693 53017
3549 28329 263635
3549 16735 28258
3549 28234
3549 61568 28160
18881 262458
18881 14840 61720
262589 52280 14259 27909
18881 28359 262688 262302
18881 28253
3549 12989 2 52752 52692
3549 28260 263549
11835 61787
3549 28368 262494
3549 16397 52880 53179
8167 53112 263037
3549 53237 263566
3549 16735 11432 263132
3549 16735 52987
14868 263350
11835 262675
262354
262589 52280 14259 27943
22356 28666 52941 263583
3549 12989 22177 22177 22177 262747
3549 28366
18881 262999 53163
18881 52696 53071 28249
18881 53237 262766
262589 52280 14259 3549 21838 19338 27678
14840 52892
3549 28329 52720 52720 52720 52720 52720 52860
18881 262955 28587
8167 22055 22055 22055 22055 22055
8167 262688 262688 262688 262688 262688 262688 263488
14282 28305
3549 53020
8167 28169
11835 263133
18881 61857 61857 61857 61857
18881 16685 21911
3549 28580 262704
18881 28620
3549 263444 28153 52539
18881 52646
3549 262750 263349
22356 33517
3549 16735 28284
262589 262344
18881 53161 53161 53161 53161 53161 53161 53161 53161 53161 53161
18881 28169 28283 263441
262589 28168 53062 263492
18881 28173 28650
18881 28580 52887
18881 263589
18881 28664
262589 52280 14259 27678 2647 1280 25192
3549 16735 53182
28303 28146 28146 28146 28146 53169 263649 52843
18881 262687
18881 52873 52873 52873 52873 262843 262843 262843 262843 262843 262843
18881 262789 262976
18881 262687 262855 262855 262855 262855 262855
262589 28168 53062 263282
3549 61568 52860
11835 262722
3549 52610 28134
3549 262788 263476
3549 28219
18881 262751
18881 52783 52588
3549 16735 7298 28274
3549 16735 262694
11835 262847 263281
3549 16735 262487
3549 262848 61948
262589 28168 262700
18881 61696
18881 52965 52565
28303 28146 28146 28146
18881 263656
3549 12989 28625 262731
25933 52598
8167 52953
11835 28145 263616
262589 52686
3549 12989 2 52752 263070
3549 28329 263316
14868 28325
18881 28583
14868 264381
14840 263634
8167 14282
3549 16735 262761 262427
3549 12989 2 52752 53169 61666
8167 262723
8167 52607
3549 16735 61907
3549 53237 53237 262462 61804
18881 28177
3549 18881 262688
262589 52280 14259 3549 21838 7004 16471 27678
3549 25933 52751
18881 262512
3549 53237 53237 262753 262753 262753
22689 28215
14868 263398
3549 28250 16891
3549 16735 263055
3549 16735 52904
3549 16735 27664
8167 53112 61653 61653 61653 61653
3549 26118
18881 52809
18881 263077
11835 262756 262866
3549 12989 262765
1916 11242 28579
3549 16735 23105 23105 23105
3549 16735 262306
28303 262978
28299 263092
3549 11835
25933 28155 26622
22356 35204 35204
18881 263047 263499 263499 263499 263499 263499
3549 16735 28306
3549 262854 262854 262854 262854 262854 262854 262447
8167 52935
25933 262695 262284
3549 16735 262690
8167 52734
3549 16735 262372
28303 262399
8167 28356
18881 52815 52815
8167 52585
8167 61747
3549 28283 53145 53145 53145 53145 53002
3549 16735 262785 263497
8167 27343
11835 263553
22356 28124 262643
18881 263483
3549 28275
18881 16685 28617
28267
8167 262328
3549 16735 52931
18881 52584
18881 28156
262589 52280 14259 6762 174 27978 6429 16874
3549 28368 28368 262532
18881 28279 263111
18881 53087 262738
11835 64835
28303 262544
18881 28135 53233
18881 28281
18881 28173 262557
3549 61568 53087 263086
3549 16735 52958
3549 28154
11835 263370
25933 52653
3549 11179
28663 8055 28576
3549 16735 262717 262717 262717 262717
18881 262781 262781 262781 262781
11835 53062
3549 21574 262566
3549 28154 52783
25933 61646
3549 53106
18881 53078 61811
3549 16397 28165 262763 262763
3549 262366 11338
3549 16735 11432
28343 52664
3549 16735 28572 28572
14868 262958
3549 52579 262755
3549 16397 2906 2906 2906
3549 262750
14840 61881
8167 28103 28008
3549 16397 53055 54818
1916 1251 28637
25933 262848 61770
3549 26609
28303 52604 53061 53061
3549 53237 53237 53138
3549 14886
3549 61568 53087 53160
3549 16735 10733 263353
11835 52633
18881 28359 262688 262821
3549 53237 53237 53237 52730 52573
3549 28298
18881 263053 262401 263104
18881 52965 262359
3549 16735 262480
14840 28591
3549 16735 53059 28168 53104
14868 262356
3549 16735 28591
3549 28306 262489
11835 262966
3549 53237 262849
3549 16735 28334
18881 262740 262300
3549 28580 52736
3549 61568 262560 262440
8167 28285 28285 28620
14868 262334
3549 28250 263376
18881 52596
22356 28590 28645
18881 263594
28303 28146 28146 28146 28146 52986
28343 263451
22356 16685
18881 262720 53198
3549 22689
3549 28368 263490
18881 28251
1916 2715
3549 197426
18881 28241 262700
8167 14282 262865
3549 53159 53159
3549 28580
3549 16735 263060
3549 16735 262353
3549 13414
262589 52280 14259 3573
3549 61568 28624 262608
3549 16735 262761 263516 263516 263516
3549 16735 263330
8167 262698
3549 262807 262807 262807
3549 28329 262438
18881 53072
18881 262476 52730 52742
3549 16735 52805
18881 53043
3549 53162 262376
3549 262318 262318
3549 53075 28244 53098
25933 262441
18881 263356
3549 26592 26592 26592 7365 7365
28573
18881 263258
3549 12989 262706 262910
18881 262476 52730
22356 28666 52941
18881 53110
18881 262687 262687 52978 52960 52978 52978 52978 52978
3549 16735 262346
3549 53197
3549 28329 263584 262868
3549 53237 53237 53237 262352
22356 28206
11835 263322
8167 52742
8167 61696
18881 52965 52913
18881 61914
262589 52280 14259 52407
11835 61819
3549 262750 263643
3549 28329 28326
1916 262533
3549 16735 262336
28271 263678
3549 28250 61724
3549 52555
3549 28132 263279
18881 52538
3549 28329 52644
3549 53237 53237 262849
3549 26592 262450
3549 16735 53131
18881 262859 52709 262468
8167 15224 15224
8167 262688 263509
3549 16735 262566
14868 22148
3549 11432 262605 262605 262605 262605
3549 16735 28626
3549 16397 263678
18881 264390
3549 23106 263424 263424 263424 263424 263424 263424 263424 263424 263424
3549 263444 28654 52837
18881 28142 262430
3549 53053
18881 264379
3549 53075 53025 262584
18881 263053 263251
14840 61788
18881 52783 61637
18881 28258
3549 12989 28625 262397
3549 53039
3549 53237 53237 263026
11835 52842
3549 53237 53237 53237 262517 28326
3549 53237 53237 28191
3549 262680
18881 53237
25933 53235 53235
8167 28180
3549 26592 52937 52766
262589 52280 14259 22975 22975 22975
262589 28168 263068
22356 22250
3549 53237 53237 263546 61737
3549 53237 53237 61777
3549 53125
18881 52873 52873 52873 52873 262843
8167 52706
3549 16735 28360 52936
3549 52798
3549 12989 28625 53244
18881 263648
18881 262330
18881 262803
8167 15224
22356 28666 262797
1916 2715 262829
3549 16735 262733 262733 52614
18881 262430
3549 12989 2 52752 61926 262948
28303 28146
262589 52280 14259 6762 3257 25761 198412
262589 52280 14259 26604
18881 262740
22356 28666 262686 262647
3549 52990
3549 26592 19873 19873 19873 19873 19873
3549 16397 53161
3549 28220 28339
3549 28667 28667 28667 28667 262861
18881 263047 263499
3549 16735 28263 53186
3549 28329 262352 262352 262452
3549 28368 28368 263606
18881 53228
8167 263438
3549 22381
8167 28281
18881 262476
3549 28329 53158
3549 28647
14282 263586
3549 28329 262502
3549 16735 52973
3549 16397 262886
10881 13522
3549 23106 262268
18881 262687 262855 262855 262855 262855 262855 262855 262855
262589 52280 14259 6762 3549 28513 27978 6429 16874
18881 262557
8167 12140 263088
25933 262464 262464 262464 262464 262464 262464 262464 262464 262464 262464
3549 262807
3549 16397 262354 262354 262354
3549 12989 262706
3549 263612 52905
3549 262429 52770 262715
18881 28135 28135 28135 262773
3549 12989 262659 52579 61932
28303 262695 262725
18881 61853
22689 28215 28215 28215 28215 28215
8167 262947
28303 61769
3549 28368 28368 262649
11835 263524
25933 53235
8167 61868
3549 16735 262761 262761 262761 262761
18881 52965 61944
18881 53195
3549 16735 262700
3549 61568 52709 262521
3549 16735 262963
3549 16735 262510
18881 28620 28620
3549 16735 262869 262869 262993 262993
262589 52280 14259 52252 52252 52252
11835 262806
8167 263037
18881 52965 263073
3549 263500 52704
3549 28329 263056
18881 262299
262589 28168 53224 28340
18881 52596 52537
3549 53237 53237 263546 263143
3549 53237 53237 262378 262378
18881 262687 262600 52879 52879 52879 52879 52879 52879 52879 52879 52879 52879
3549 12989 2 52752 53158 53158
3549 16735 262478
8167 10954
3549 12989 28239
3549 53018
3549 53237 53237 262786
3549 53135
18881 263080 262374
18881 28279 263343 263343 263343
3549 12989 30081
3549 262599 262599 262599 28210 53183
3549 28329 52720 52720 52720 52720 52720 52960 52592
8167 7465
3549 16477 16477 16477 16477
18881 53221
3549 16735 53204
18881 52965 263078
14840 262965
25933 53137 53137 53137
3549 16735 262711 262711
28343 11835
18881 263656 262752
3549 28226 263038
3549 12989 27720
8167 28283 28283 28283 28283 28283 28283 28283 28283 28283 61924
3549 61568 262549
3549 16735 262996
14868
28303 262316 262316
3549 28329 32723
18881 263594 263643
18881 264374
3549 28653
28303 52977
18881 263557
22689 262451
25933 2716
3549 52579 263314 262702
262589 52280 14259 28099 28099 28099
14840 53001
14868 52656
3549 16735 27693 52884
3549 12989 2 52752 53169
3549 16735 263448
8167 28646
3549 28226 263411
18881 16685 22356 22356 22356 22356 53245
23128
3549 16397 262420
262589 52280 14259 12956 3356 16876 25192
18881 262748 262569
8167 52998 52998
3549 16735 28163 262401
3549 53224 61712
14840 11432 28165
3549 53237 53237 61873
262589 52280 14259 28077
22356 52915
3549 28329 61783
3549 16735 11432 11432 11432
3549 16735 27693 53150
3549 53237 53237 53237 262462 61804
22356 52785
18881 263480
3549 28580 262780
14840 28293 263630
18881 263038 263038 263038
3549 28329 52720 52720 52720 52720 52720 61850
3549 28283 53145 53145 53145 53145
11835 61634
262589 52280 14259 6762 2914 27978 6429 14708
262589 28168 28266 53125
8167 263371
28343 53238
3549 16735 262624
3549 61568 53087 52729
25933 52634
3549 16735 28309 262889
3549 28271 28271 28271 28271 262847 262847 262847 262847
3549 28306 52531
3549 6507
3549 28368 263066
3549 61568 53087 262634 262634
18881 263443 52562
18881 53073
3549 28171 263019 263540
18881 28296
28303 28146 28146 28146 28146
11835 262433
3549 28329 262502 263641
3549 28329 52957 52673
3549 53075 26615 28244 53025 53029
8167 28283 263113
1916 53187
8167 52630
3549 16735 28616
3549 53221
3549 132591
262589 52280 14259 12956 7004 16629 27677
3549 28580 28353
8167 262320
22356 28666 262287
11835 52912
11835 263042
1916 28571
3549 16735 28669 52571
262589 28168 53062 52767
18881 52594
18881 28135 28135 28135
25933 262848 262848 262848 262848 262848 262848 262848 262848 262848 262848 262848 262848 262848 263656
3549 16397 263608
18881 52559 263116
8167 7465 53168
18881 16685 14204
18881 28224 262361
3549 18881 262688 262688 262688 262688 262688 262688 262764
18881 262298
3549 16735 28267
3549 16735 53110 53110 53110 53110 53110 53110 52661
3549 262624 52758
3549 262509 262819
3549 53237 53237 262989
18881 28135 28135 28135 262590
262589 52280 14259 28044
28343 262618
262589 52280 14259 3549 14966
8167 25620
3549 262762
262589 52280 14259 11340 11340 11340
3549 28329 52720 52720 52720 52720 52720 52960 262600
3549 28250 262514
18881 263164
18881 262822 28323
28303 61673
18881 28580 52818
18881 61913
3549 262799
18881 262603
8167 61666
3549 12989 2 52752 262423
14840 263593
18881 53237 53237 53237 53237 262989 61858
3549 28198 28198 28198 52576
18881 61920
8167 14282 52615
3549 52770 52748
25933 262605 262605
3549 28166 28166
8167 28145 52616
28343 28176
22356 28666 61640
28663 21911 21911
18881 262377
8167 7048 7048 7048 7048 7048 7048 7048 262987
3549 12989 52613 52613
3549 16735 10733
3549 16735 28263 28263 28263 262272
18881 262865 263599
18881 263164 61751
3549 12989 22177 52866
3549 12989 22177 22177 22177 28254
25933 52920 52920 52920 52920
3549 52610 28283 262903 262903 262903 262903 262903 262630 262630 262630
262589 52280 14259 12956 5459 200070
14840 28293
8167 262907
18881 28142 262445
8167 262866
18881 262276
3549 16735 262849
28267 262778
3549 26592 26592 26592 28165
8167 52590
18881 263080 262784 262784 262784
18881 52873 52873 52873 52873 262843 262843 262843
262589 52280 14259 27849
3549 61568 263073 52624
18881 52873 52873 52873 52873 53004
3549 12989 27720 262949 52618
3549 11432 53068
8167 262482 262362
1916 11242 263613
18881 53144
18881 52559 263081
3549 16735 28596
14840 61889 61874
3549 12989 2 52752 53169 263360
18881 11844
28303 262752
18881 263053 262401
3549 28329 52957 263519
3549 28329 262781
3549 28653 28594
3549 16735 262760 28202
11835 52561
262589 52280 14259 28091 28091 28091 28091 28091 28091
3549 3573
11835 28238
18881 52815
18881 52965 262440
18881 10897
22356 28666 262797 262797 262797
11835 262995
18881 52831
3549 16735 28669
3549 53237 53237 53138 53138 53138 61824
3549 28306 262899
262589 28168 263124
8167 262679
18881 262999 52995 53121
3549 52579 263314 263572
3549 28220 262818
18881 262450
18881 53007 53007 53007 53007
3549 53813
22356 28666 53231 53231 53231 53231
18881 262798
3549 262599 262808 262808 262808 262808
3549 52610 28283 262903 262903 262903 262903 262903 262630
262589 28168
3549 28586
3549 28196 28196 28196 28196 28196
3549 16735 52747 52609
18881 262476 262728
18881 262633
3549 28122 28122 28122 28122
25933 262802
25933 52685
14840 11432
8167 28321 28321
3549 12989 262454 262454
28303 28146 28146 28146 28146 52952
25933 53149
14840 262616
18881 28224 263498
18881 53050
3549 28250 262385
3549 16397 14346 14346 14346 14346 14346
3549 262750 53180
3549 53237 53237 53237 52730
3549 11432 262499
18881 14840
3549 11432 52825
3549 53237 53237 52963
18881 263144
3549 28329 262839
3549 16397 28349 53008
3549 52533
1916 52888 52888 52888
3549 26592 26592 26592 16397
3549 53133
11835 262866
28303 263018
18881 28360 263099
3549 16735 52747 61726
3549 28329 52720 52720 52720 52720 52720 262687 52554 52739
18881 52873
18881 52965 52605
3549 28299
11835 262290
3549 11432 52571
18881 52965 262637
28303 52684
3549 12989 28625 16921
3549 16735 52586
262589 52280 14259 12956 7004 13774
3549 52982 262522
262589 52280 14259 3549 16921
28193
18881 263394
22356 262662
18881 28285 28285
18881 52783 52715
3549 28226
3549 53224 52790
1916 1251
3549 16735 53171
3549 16735 263033
262589 52280 14259 3549 28116
3549 12989 22177 22177 22177 22177
262589 28168 53062 28208
8167 53192 53192 53192
14840 28123
28343 28192
3549 26609 53038
3549 28580 52961
3549 16735 262505 263028
8167 19763
262589 52280 14259 27735
3549 32590
3549 12989 28640 263536 263536 263536 263536
8167 262688 262688 262688 262688 262688 262688 263509
3549 23074
18881 262687 52554 52554 52554 52554 52554 263657
18881 263437
3549 12989 28625 15133
3549 262487
3549 28271 28271 28271 28271 262847 262847 262847
3549 53162 263324 263324 263324
3549 28250 263406
28303 28146 28146 28146 28146 28146 28146 263017
3549 21571 21571 21571 21571 21571 21571 21571 10688
3549 28329 263557
3549 16397 262787
18881 20044
262589 52280 14259 12956 7004 20015 16874
3549 23106 262336
3549 16735 262596
3549 28202
3549 53165 53165 53165 53165 53165 53165 53165 53165 53165 53165 53165 11
3549 262620
3549 28306 28172
3549 6505
3549 28329 52720 52720 52720 52720 52720 262608
262589 52280 14259 6762 42
3549 16735 53146
3549 16735 262745
11835 53065 53065
3549 16735 53182 262684 262684
3549 53237 53237 263143
3549 52770 53197
3549 61568 28368 28368 28368 61790
18881 28224 263017
262589 28168 53062 263105
18881 28244 262734
18881 28360 263570 263570 263570 263570 263570
18881 28169
18881 262621 262621
14026
8167 11271
8167 262307
262589 28168 263049
1916 1251 53166
262589 52280 14259 28120 28120 28120 28120
3549 16735 28203
8167 262434 262434 262434 262434
28303 263100
18881 263072 28241
3549 262716
18881 28224 53218
3549 53237 53237 262378 262378 263662 263662
18881 28224 61765
3549 16735 262755
8167 52746
8167
3549 28598 262727
3549 18881 61888
8167 26622 52681
18881 263306 263306 263306 263306 263306 263306 263306 263306 263306 263306 263306 263306 263306 263306 263306 263306
3549 12989 262659 52579 262579
3549 28129
3549 16735 262733 28207
8167 14571
3549 262849
18881 262687 52554 52554 52554 52554 52554 53123
262589 52280 14259 27904
3549 16397 28332
8167 28292 262331
25933 53240
3549 16735 262733
3549 16735 53171 52678
3549 28329 262523
11835 61910
11835 61927
262589 52280 14259 3549 3356 12008
3549 16735 262733 263087
3549 28329 52957 263496
14840 263000 263510
28303 61688
14840 52828
25933 263297
11835 61728
3549 262599
3549 263612 52690
18881 52559 263526
25933 61893
1916 2715 21612
3549 28329 264353
3549 12989 28625 262415
18881 28669 28600
3549 12989 28640 28352
11835 28621
3549 262507
14840 262907
28303 28146 28146 28146 28146 263659
10881 11751
3549 28271 53225
18881 28279 262324 262324
18881 53220
18881 14840 263515
3549 16735 263496 263496 263496 263496
14840 52959
3549 61568 263517
3549 16735 262761 28194
3549 28299 28141
3549 263444 28654 53216
3549 16735 262540
3549 16735 52657 52657 52657 52657 52657 52657 52657
3549 16735 262514
3549 13414 54888
3549 12989 22177 61928 263421
8167 28283 28283 28283 28283 28283 28283
3549 16397 28358
14868 263492
18881 262476 52730 52730
3549 28329 28329 52678 61922
18881 28580 262333
25933 262381
3549 28306 262638
3549 16735 28653
3549 16735 28589
3549 263444 28654 52964
3549 12989 262706 263432
18881 28135
18881 52873 52873 52873 52873
