18881 53047 262497 262497 262497 262497 262497 262497
18881 53237 53237 53237 53237 61658
18881 61679
18881 262476 262627
18881 53158 53158 53158 53158 53158
18881 13914 13914 13914
18881 263402
18881 52965 53093
18881 53237 263566
18881 53112 53112 53112 53112 53112 61653 61653 61653
18881 263065
18881 52532
18881 28343
18881 28343 263010
18881 28299 28299 28299 52851
18881 53237 53237 53237 53237 61791
18881 262309
18881 262689
14868 262544
18881 262476 262826
18881 52660 28125 263487
18881 22128
262493 52638
18881 52546
18881 25933 25933 52653
18881 262859
14868 263438
18881 53237 53237 53237 53237 53016
18881 53047 262497
18881 263080 263079
18881 53237 262308
18881 28343 28192 263058
18881 53237 53237 53237 53237 28188
18881 28299 28299 28299 262407 262407
18881 52761
18881 25933 25933 262419
28663 8055 28576 262516
14282 263579 262707 262707 262707
18881 53237 53237 53237 53237 263069
18881 262594 52818
18881 262725 61698
18881 52595
18881 262748 53176
18881 262740 61786 61786 61786
14868 61819 61819
18881 52700
18881 52965 52749
18881 262773 28160
18881 262880
18881 53237 53237 53237 53237 28191
18881 262955
18881 28292 263425
18881 262740 53014
18881 263614
18881 27656
18881 53159
18881 52859 263070
18881 28652
18881 262687 52554 61800
18881 53237 53237 53237 53237 263457 263457 263457
14282 263011
18881 263459
18881 28343 61921
18881 52520
18881 53237 53237 53237 53237 263546 61737
18881 28227
18881 52965 61651
18881 53158
18881 262459
18881 263260
18881 53159 53159
18881 262773
18881 28173 52877
18881 52783 52588 263266
18881 262997
18881 52610 263092
18881 25933 25933 262544
18881 262687 262855 262855 262855 262855 262855 262855
18881 262593
18881 28167
14282 262831
18881 52583
18881 263415
18881 28361
18881 28224 61915
18881 28343 28176 28176 28176
18881 52783 262439
18881 262955 52858
18881 25933 25933 263604 263604
18881 53237 53237 53237 53237 52730 52573
18881 21433
18881 52696 52647
18881 262872
18881 28169 53023
18881 25933
18881 262725 262725
18881 53153
14868 52912
14868 52552
28663 52785 52785 52785
18881 14840 53222
18881 262689 52541
18881 25933 25933 262848 262848 262848 262848 262848 262848 262848 262848 262848 262848 262848 262848
18881 262999 53163 263628
18881 28343 262311
18881 53078 262725
18881 262999 53163 263664
18881 25933 25933 52748
18881 263279
18881 53237 53237 53237 53237 52635
18881 52965 262792
18881 64600
18881 28224 53238 53238 53238
18881 28669 28143 28143
18881 52873 52873 52873 52873 61902
18881 262725 263570
18881 264393
18881 52965 262554
18881 28642
18881 53047 262497 262497 262497 262497 262497 262497 262497 262497 262497
18881 25933 25933 61830
18881 61568
18881 262605 262605 262605 262605
18881 28309 28309 28256 28256
18881 263004 53238
18881 53087 53087 53087 53087 53087
262355 262586
18881 263004 263020
28287 262362 262362
18881 22148
18881 28343 28343 28343 28343
18881 28142 262911 262911 262911 262911 262911
18881 263004 52934 52934 52934 52934 52934
14868 262911 262911 262911 262911 262911 262911
18881 61742
18881 28224 263439
18881 28205
18881 53112 53112
18881 52696 262373
18881 28252
18881 52625 52625
18881 262687 262687 262687 52554 52554 52554 52554 52554
18881 13357
18881 262388 61717
18881 28279
18881 25933 25933 262605 262605
18881 263053 263035
18881 262971
18881 262633 61741
18881 262476 52573
14868 263367
18881 263053 262401 262696
18881 52993 61752
18881 53115 262573
18881 14840 14840 14840 14840 61889 263015
18881 263042
18881 263416
18881 20940 20940
18881 262526 28635
18881 263080 28328 28328 28328 28328 28328 28328
18881 263030
18881 28145 28621
18881 16685 22356 22356 22356 22356 263461
18881 14840 262907 262625
18881 263668
18881 53237 53237 53237 53237 263546
18881 263267
18881 14840 53001
18881 16685 22356 22356 22356 22356 262981
18881 28258 53170
18881 263099
18881 53237 53237 53237 53237 52730
18881 53087 53055
18881 14840 52869 52869 52869
18881 25933 25933 53174 53241
28663 8055
18881 52698
18881 262320
18881 53237 53237 53237 53237 52780 52811
18881 52965 61947
18881 14840 28259
18881 14840 262907 263543 263543 263543 263543 263543 263543 263543 263543 263543 263543
18881 28244
18881 262859 28160
18881 262689 52666
18881 263284
18881 53237 53237 53237 53237 11338
18881 262999 52995
18881 262997 262947 262947
18881 262828
18881 262476 52935 52935 263371
18881 52696 53071
18881 262669
18881 25933 25933 262848 61770
18881 263445
18881 16685
18881 14840 262883
18881 25933 25933 52830
18881 262793 262793 262793 262793
18881 23289
18881 262466
18881 52765
18881 53237 53237 53237 53237 61657
18881 263047 263324
18881 52610
18881 53237 53237 53237 53237 52963
18881 53087 262681
18881 25933 25933 61893 61893 61893 61893
18881 28343 28343 28343 28343 53238
18881 25933 25933 262848 262848 262848 262848 262848 262848 262848 262848 262848 262848 262848 262848 61948
14868 53065
18881 262878 262878
18881 53178
18881 262663 262663
18881 263043
18881 21758
18881 26609 262838
18881 262587 263101
18881 52688
18881 52965 262642
18881 262998
18881 52559 263112
18881 52965 262604
18881 25933 25933 52734 52734 52734 52734 52734
14282 263538
14868 263011
262756
18881 264397
18881 263548
14868 262524
18881 263100
18881 262773 262773 262773
14868 52760
18881 26598
14868 262415
22356
18881 262999
18881 53237 263641 263641 263641 263641
28663 35204 35204
18881 25933 25933 263520
18881 263080 262784
18881 262687 262687 52592 52960 52960 52960 52960 52592
14868 28181
18881 262434 262434 262434 262434
14868 262678 262678 262678
18881 262434
18881 52762
18881 52965 53160
18881 52933 52933 52933 52933 52933 52933 52933 52933 52933
18881 28224 262416
18881 14840 52892 262416
18881 53077
18881 2716
14868 263166
18881 14840 14840 263539
18881 28173
18881 263276
18881 262687 262687 262687
18881 28142 262911
18881 25933 25933 262985
18881 262859 52568
18881 262859 53087 53087 53087 53087 53087 53087
18881 262491
18881 262621 262621 262621
18881 263384
18881 25933 25933 262381
14868 53119 53119 53119 53119 53119 53119 53119 53119 53119 53119
18881 14840 262907 52734 52734
18881 262859 263517
18881 28360 263054
18881 28224 53238 53238
18881 52998
18881 28584
18881 25933 25933 61883
18881 262368
18881 263465
18881 25933 25933 2716
18881 263045
18881 53237 53237 53237 53237 262503
18881 262859 61888
18881 14840 52869
18881 263080 52945
18881 52696 262373 262373
18881 262687 52960
18881 262700
18881 262827
18881 263089
18881 263257
18881 14840 14840 52861
53065
18881 16685 22356 22356 22356 22356 27682
18881 262435
18881 14840 53192 53192
18881 25933 25933 262741
18881 52911
18881 28669 53101
18881 262667
14868 52677
18881 28669 53247
18881 263391
18881 25933 25933 52751
18881 28343 28343 28343 28343 262443
18881 263569
18881 14840 14840 53175 61921
18881 262687 262600
18881 28343 262978
14868 28285
18881 52669
14868 52845
18881 61945 263519
18881 28155
18881 28343 28343 28343 11835
18881 262687 262687 262687 262687 262687 262687 262600 262600 262600 262600 262600 262600
14868 61690
18881 52944
18881 10733
18881 28135 53233 53233 53233 53233 53233 53233 53233 53233
14282 263155
18881 28173 28329 28328
18881 61868 61868 61868
18881 28142
18881 16685 18836
18881 28343 28343 28343 28343 262782
18881 61745
18881 53227
18881 14840 262907 53015
18881 28343 28192 263511
18881 262789
18881 52966 52966 52966
18881 262426 262426 262426
18881 25933 25933 53240
18881 16685 13495
18881 53137
18881 16685 22356 22356 22356 22356 33517
18881 53237 53237 53237 262766
18881 28343 28343 28343 28343 52606
18881 263321 263596
18881 262496
18881 14840 52598
18881 28309
18881 262859 53087 61905
18881 28269
18881 14840 28155
18881 52532 11431
18881 52537
18881 28359 262688 262290
18881 262814
18881 52827
18881
18881 28620 61910
18881 263587
18881 28135 28135 28135 262773 263302
18881 14840 14840 28293
18881 14840 263416
18881 263047 263008
18881 52871 28346
18881 52871 262668
18881 28278 28278 28278 28278 28278 28278
18881 52566
18881 28169 263048
18881 14840 61881
18881 262365
18881 264361 264361
18881 26609 52531
18881 262859 262560 262440
14868 262433
18881 263443
18881 14840 14840 28579
18881 262649
18881 262687 262687 262687 52554 263667
18881 53237 53237 53237 53237 52721
18881 53078
18881 14840 262464 262464
28287
18881 11432 11432 11432 11432 11432 11432
18881 28669 28143 28143 28143 28143 28143 28143 28143 28143 28143 28143 28143
18881 28580 262704
18881 262669 263054
18881 262481
18881 25933 25933 53048 262417
262688 262764
18881 262999 53163 263473
18881 262698
18881 28360 263099 52741
18881 53112 53112 53112 53112 53112
18881 61830
18881 53237 53237 53237 53237 263026
18881 52965 262460
18881 52932
18881 262504
18881 263437 53183
18881 25933 25933 52681
18881 16685 22356 22356 22356 22356 22071
18881 262593 61763
18881 28580 262594
18881 53134
18881 28135 53176
18881 52696
18881 263094
18881 26616
18881 52762 263518
18881 28343 61748
18881 16685 22356 22356 22356
18881 14840 61788
18881 28299
18881 53137 52685
18881 262316
18881 26609 53038 61692
262355 263647
14868 263451
18881 263004 52934
18881 28606
18881 61945 263519 263519 263519 263519
18881 262957
18881 25933 262459
18881 53043 52932
14868 264364
18881 52965 52605 52605
18881 61850
18881 25933 25933 262802
18881 263484
18881 61868
18881 53237 53237 53237 53237 263143 263255
18881 28669
18881 53237 262402
18881 262434 263419 263419
18881 28158 52570
18881 262865
18881 28343 263285
18881 263077 263077 263077 263077 263077 263077 263077 263077
18881 11802
18881 53112 53112 53112 53112 53112 263037
18881 28669 262558
18881 28285 28285 28620
14282 262289
18881 28285 262434 262434
18881 263053 262401 263120 263120 263120 263120
18881 11097
18881 263053 262401 262623
18881 28285 262434
18881 28224 263439 263439 263439
18881 53237 53237 53237 53237 263056
18881 52822
18881 262859 53087 262634 262634
18881 53237 53237 53237 53237 262753
18881 53087 53087 53087 53087 53087 53087 53087 53087 53087 53233
18881 14840 52568
18881 52547
18881 52901
18881 28224 53238
18881 28158 28158 28158 28158 28158
18881 25933 25933 52799
14868 52630
18881 263582
18881 263523
18881 53237 53237 53237 53237 52526
18881 262773 262773 262773 262773 262773 262773 262773 262635
18881 14840 262907
18881 52622
18881 28173 262907 52948
14868 14457
18881 262620
18881 263047
18881 28224 53238 263004
18881 25933 25933 263003
18881 262671 262671 262671
18881 262295
18881 263262
18881 263080 28328 28328 28328 28328 28328 28328 52896
18881 28173 262296
18881 262669 52923
262688 262436
18881 14840 14840 14840 14840 61889 52663 52663 52663 52663
18881 53065 53065
18881 28662
14868 262292
262688 262302
18881 52965 262560
18881 53237 52892 263126
18881 14840 14840
18881 53015 28278
14868 61870
18881 262476 263654
18881 22128 22128
18881 28309 28309 28256 28256 28256 28256 28256
18881 14840 263254
18881 262594 16735 12989 22177 52818
18881 262388
18881 25933 25933 52598
18881 262611
18881 25933 25933 263003 263391 263391 263391 263391
18881 14840 14840 14840
18881 28173 28328 262557
18881 52993
18881 25933 25933 263442
14868 262657
18881 262476 262523
18881 263080 28328 28328 28328 28328 28328 28328 61814
18881 28605
18881 22819 22819 22819
18881 262748
18881 262999 262960
18881 53237 53237 53237 53237 262531
18881 262390
18881 28620 28620 28620
18881 53087
18881 52677
18881 28212
18881 28360 263252
18881 262476 52935 52935
18881 263265
18881 28369
18881 263080 262296
18881 28155 26622
18881 28592
14282 263076
18881 25933 25933 52920 52920 52920 52920
18881 14840 52959
18881 262773 262773 262773 262323
18881 52881
18881 262476 263459
18881 61714
18881 52847
18881 28669 36032
18881 61838
18881 53237 53237 53237 53237 61925
18881 263080 262582
18881 14840 262636
18881 262637
18881 28135 262738
18881 28360 262351
18881 28669 263162
18881 263072
18881 262859 263073 52624
18881 262591
18881 263385
18881 263374
18881 25933 25933 262837
18881 262859 28615
262493
18881 262773 263259
18881 263004 263004 263004
18881 53237 53237 53237 53237 262849
18881 53097
18881 61696 61696
18881 28580 52961
18881 28360 263570
18881 263057 61849
18881 52655
18881 28336
18881 263040
18881 28128
262355 262548
18881 263551
18881 262687 262855
18881 25933 28639
18881 28135 52777 28261
18881 28292 263670
18881 52779
18881 28360 53094
18881 52965 52702
18881 28580 263074
28663 28204 263513
18881 262551
18881 25933 25933 262883
18881 263025
18881 61945
18881 262859 262560
18881 28343 28343 28343
18881 28620 61910 61910
18881 262476 52730 52730 52730
18881 28148
18881 28205 262351
18881 262822 262822 28323
18881 262822 262822 28139
18881 262490
18881 27715
18881 263298
18881 262449
18881 262999 53163 263622
18881 28343 28192 61866
18881 263080 262474
263538
18881 263053 28163
18881 263099 52601
18881 263080 262474 52946
18881 61906
18881 262793 262793 262793 262793 28230
28663 61813
18881 28580 262333 262333 262333 262333
18881 53237 53237 53237 53237 262975
18881 53237 53237 53237 53237 53138
14868 262968
18881 28580 28657
18881 262526 28638
18881 25933 25933 263297
18881 53237 53237 53237 53237 262517
18881 52564
18881 53237 53237 53237 53237 52936
18881 262526
18881 262426
18881 263080 52574
28663 21911
18881 263080 262374 263545
18881 262476 61844
22356 22356
18881 263269
18881 53015 53015 53015 53015
18881 28580
18881 28360 28360 28360 52936
18881 53015 53015
18881 262802
18881 52783 28154
18881 52746
18881 53237 53237 53237 53237 61917
18881 262581
18881 28292 262331
18881 25933 25933 52734
18881 262540
18881 263080
18881 28180 28180 28180 28180 28180 28180 28180 28180 28180 28180 28180
14868 262411
18881 28343 52693
18881 263417
18881 52970
18881 53237 53237 53237 53237 263546 263143
18881 28135 262604
18881 262687 262600 52879
18881 263288
18881 14840 14840 14840 14840 61889
18881 53001
18881 14840 262907 262543
14868 61895
18881 262671
262355
18881 53237 263374
18881 28258 53196
18881 262859 53087 263302
18881 13914
18881 52610 262407
262688 262821
18881 52926
18881 263553 263553
18881 263080 262497
18881 263047 262485
18881 28669 28143
18881 25933 25933 262732 262732 262732
18881 14840 14840 263377
28663
18881 262689 52761
18881 28244 28300
18881 28669 262836
262688
18881 25933 25933 28157
18881 61888 52709 262521
262355 263329
18881 262470
18881 263057 263153
18881 263557 263557
18881 262687 262687 262687 52554 262960
18881 28135 52777
18881 262687 262687 52872 52872
18881 263057
14868 262298
18881 53112
18881 14840 11432
18881 25933 25933 52844
262688 263509
18881 14840 11432 28165
18881 262822 262822 53132
18881 28169 263441
18881 52783 263535
18881 53237 53237 53237 53237 52780
18881 25933 25933 262848 61788
22689
18881 28343 28343 28343 28343 262856
18881 262859 52832
18881 52582
28663 28204
18881 28224 53238 61662
18881 262856
18881 53033
18881 25933 25933 61897 61897 61897 61897
18881 263621
18881 262358 262358 262358 262358
18881 14840 14840 262303
18881 26609 53038
18881 262725 263433
14868 263393
14282 263265
18881 262605 262605
18881 52547 61794
18881 263047 263324 263324 263324 263324 263324
18881 262476 262588
18881 28184
18881 53153 61905
18881 53112 53112 53112 53112 53112 263091
18881 262721
18881 263646
18881 263598
18881 52559
18881 28158 52724
18881 53007
18881 263080 262374 262374
18881 263108
14868 53046
18881 263047 263499 263499 263499 263499
18881 262859 53087 262946
14868 28369
18881 262859 53087 262601
18881 52846
18881 53237 53237 53237 53237 263546 61734
14868 264365
18881 262283
18881 262311
18881 53237 263641
18881 28241
18881 262859 53087 262634
18881 25933 25933 28605 263052
18881 53087 53233
18881 61682
18881 53028
18881 14840 262907 262830
18881 263096
18881 263482
14868 61762
18881 263560
18881 262997 262947
18881 14840 52751
14868 263428
14868 52719
14282
18881 262859 53045
18881 263080 53022
18881 28278 28278
18881 263080 262374 263526
18881 61803
18881 14840 26363
18881 28173 52972
18881 53065
18881 53102
18881 53087 262681 262400
18881 14840 262907 263604
18881 263344
18881 52965 61854
18881 262859 53087 263086
18881 53024
18881 263650
18881 28670 28670 28670
18881 52783
18881 262878
18881 16685 22356
18881 263580
18881 25933 25933 262891 263529 263529 263529 263529 263529 263529 263529 263529 263529 263529 263529 263529 263529 263529 263529
18881 263047 263499 263499 263499 263499 263499 263499
18881 263341
18881 28158 61717
18881 53237 53237 53237 53237 263457
18881 52786
262355 262956
18881 28580 262862
18881 28359 28359
18881 52660
28663 8055 28576 262731 262731 262731 262731
18881 53237 53237 53237 53237 262517 28326
18881 263321
18881 53137 53137 53137
18881 3573
18881 14840 262891
14868 263507
18881 52965 262615
18881 61703
18881 262687 52554 52739
18881 14840 262907 262542 262542 262542 262542 262542 262542 262542 262542 262542 262542
18881 14840 53137
18881 52762 263351
18881 53237 53237 53237 53237 262989
18881 262469 262469 262469 262343
18881 61857
18881 61900
20144
18881 53237 53237 53237 53237 262786
18881 14840 52892
18881 262997 52536
18881 52636 52636 52636 52636
18881 263080 52778
18881 28343 28343 28343 28343 262768
18881 16685 263071
18881 25933 25933 262315
18881 262399
18881 53015
18881 262859 53087 263617
18881 52968
14868 262678
18881 25933 25933 53149 53149 53149 53149 53149
18881 53010
28287 262874
18881 262748 53176 53176 53176 53176
18881 263053 263675
14868 263495
18881 53087 53087 53087 53087 53087 53087
18881 28594
18881 262881
18881 52802
18881 28278
18881 262859 263287
18881 28343 28343 28343 28343 262443 263018
18881 25933 25933 262416
18881 53090
18881 52846 52846 52846 52846 52846 52846 52846 52846 52846 52846
18881 28145 263616
18881 262469 262469 262469
18881 53050 262825
18881 53237 53237 53237 53237 263546 263294
18881 28343 263451
18881 262526 52654
18881 53078 262817
18881 28343 28192 263630
18881 262414
18881 25933 25933 53235 53235
18881 61802
18881 262740 263413
18881 53237 53237 53237 53237 28126
18881 52965 28131
18881 52965
18881 25933 25933 262695
18881 262476 262720
18881 263057 61663
18881 28580 52887 52887 52887 52887
18881 52965 52819
18881 53207
18881 14840 53192
18881 262822 262822
18881 263053
18881 262457
14868 61931
18881 53237 52769
18881 14840 262907 52734
18881 52660 28125
18881 262476 28640
18881 263004 263029
18881 28145 52616
18881 53066
262355 52538
262355 262500
18881 262781 263304
18881 262859 53087 52565
18881 262748 262726
18881 26609
18881 262476 262952 262952
14868 263532
18881 28327
18881 262859 52860
18881 262687 262687 262769 262769
18881 262773 263564
28287 52906
18881 25933 25933 52634
14868 262863
18881 25933 25933 52722
18881 52871
18881 28360
18881 52972
18881 25933 25933 262419 262419 262419 262419
14868 263166 263166 263166
18881 262687 262687 262687 262687 262687 262687 262600
18881 262737
18881 263053 262401 52650
18881 52993 61806
18881 263047 52793
18881 262687 262600 262855
18881 52674
18881 36224
18881 28343 262618
18881 262689 262689 262689 52666
18881 28145 263616 61766
18881 263576
18881 28639
18881 263418
18881 262859 262359
18881 52699
18881 53237 53237 53237 53237 262989 61799
18881 52965 262713
18881 53237 53237 53237 53237 52801
18881 28307
18881 25933 25933 262848
18881 28622
18881 28135 263399
18881 52783 61642
18881 28660
18881 52907
18881 263555
18881 25933 25933 262464 262464 262464 262464 262464 262464 262464 262464 262464 262464
18881 262822 262822 263382
18881 28224 53238 263503
14868 263002 263002 263002 263002 263002
18881 262587
18881 25933 25933 28259
18881 262990
14868 52852
18881 263396
18881 14840 14840 52750
18881 263165
18881 52946
18881 53237 53237 53237 53237 52764
18881 262687 262687 262687 52554
18881 262689 52711
18881 28158 28158 28158 28158 28158 28158
18881 52938
18881 53237 53237 53237 53237
18881 52556
18881 262542
18881 262689 262689 262689 52711
18881 263585
18881 14840 61672
18881 53237 53237 53237 53237 263049 263049 263049
18881 262999 53163 263472
18881 26616 61896
18881 14840 262907 52734 52734 52734
18881 262388 263393
18881 262720
18881 262793 262793 262793 262793 28364
18881 52933 52933
18881 25933 25933 262441 262441
18881 53237 53237 53237 53237 61777
18881 10733 10733
18881 262526 262527
18881 14840 14840 61769
18881 262319 262319 262319 262319
14282 263554
18881 263072 52728
18881 6979
18881 28224 53097
18881 52557
18881 262458 52643
18881 262859 53087 53160
18881 14840 262965
18881 14840 28642
18881 52871 28346 53164
18881 263274
18881 52859
18881 28158 263303
18881 28135 262491
18881 28367
18881 262773 263399
18881 22092
18881 28669 61780
18881 262902
18881 27715 262518
18881 28360 28360 262314 262314 262314 262314
18881 26218
14868 262812
18881 53237 262779
18881 263333
18881 262476 262425
18881 14840 14840 14840 14840 61889 61874
18881 28343 28192 11802
18881 28145
18881 53047
18881 28605 263052
18881 262613
18881 262720 263090
18881 61690
18881 28309 28309
18881 263109
18881 53223
18881 53237 53237 53237 53237 61655
18881 28343 28343 28343 28343 262980
18881 262432
18881 28158
18881 262772
18881 53237 53237 53237 53237 262352
262865 263599
18881 25933 25933 263597
18881 263603
18881 28224 61671
18881 262967
14282 52544
18881 28669 28645
18881 262458
18881 14840 61720
18881 28253
14868 263350
18881 262999 53163
18881 52696 53071 28249
18881 53237 262766
18881 14840 14840 52803
18881 14840 28595
18881 262955 28587
14282 28305
18881 53197
18881 61857 61857 61857 61857
18881 16685 21911
18881 262859 262465
18881 28620
18881 52646
18881 53161 53161 53161 53161 53161 53161 53161 53161 53161 53161
18881 28169 28283 263441
18881 28173 28650
18881 263589
18881 28664
18881 262687
18881 52873 52873 52873 52873 262843 262843 262843 262843 262843 262843
18881 262789 262976
18881 262687 262855 262855 262855 262855 262855
18881 25933 25933 52600
18881 262751
18881 52783 52588
18881 53237 53237 53237 53237 262503 263362
18881 52965 52565
18881 263656
18881 53237 53237 53237 53237 262270
14868 28325
18881 28309 28309 28256
18881 28583
14868 264381
18881 262476 52935 263371
18881 28177
18881 28130
18881 262512
22689 28215
14868 263398
18881 262476 52935
18881 52809
18881 263077
28663 8055 28576 53084
18881 52775
18881 25933 25933 53062 263036
18881 52815 52815
18881 53237 53237 53237 53237 52807 52807 52807 52807 52807 52807 52807 52807
18881 262859 262549
18881 263483
18881 16685 28617
18881 53237 53237 53237 53237 28652
18881 25933 25933 53167 53167
18881 52584
18881 28156
18881 53237 53237 53237 53237 262304
18881 28279 263111
18881 53087 262738
18881 28135 53233
18881 28281
18881 28173 262557
28663 8055 28576
18881 14840 52694
18881 262781 262781 262781 262781
18881 53078 61811
14868 262958
18881 28359 262688 262821
18881 53237 53237 53237 53237 53235
18881 263053 262401 263104
18881 52965 262359
14868 262356
18881 25933 25933 52685
18881 53237 262849
18881 262740 262300
18881 25933 25933 53174
14868 262334
18881 52596
18881 53153 28339
18881 263594
18881 262720 53198
18881 28251
18881 28241 262700
18881 25933 25933 53240 53240 53240 53240
18881 14840 262464
18881 28343 263018
18881 53072
18881 262476 52730 52742
18881 53043
18881 53237 53237 53237 53237 263435
18881 263356
18881 263258
18881 262476 52730
18881 53110
18881 262687 262687 52978 52960 52978 52978 52978 52978
18881 262859 262740
262493 264352
18881 52965 52913
18881 61914
18881 14840 52748
18881 25933 25933 262848 262848 262848 262848 262848 262848 262848 262848 262848 262848 262848 262848 262848 263656
18881 262859 53087 52729
18881 25933 25933 262464
18881 25933 25933 262891
18881 262859 52709 262468
18881 14840 28591
14868 22148
18881 264390
18881 28142 262430
18881 264379
18881 263053 263251
18881 52783 61637
18881 263553
18881 28258
18881 53237
18881 52873 52873 52873 52873 262843
18881 263648
18881 262330
18881 262803
18881 14840 263000
18881 262430
18881 14840 14840 28123
18881 262740
18881 25933 25933 263441
18881 14840 14840 52803 52803 52803
18881 263047 263499
18881 53228
18881 28224 28356
18881 262476
18881 28292
14282 263586
18881 262687 262855 262855 262855 262855 262855 262855 262855
18881 262557
18881 53237 53237 53237 53237 262462
28287 263027
28663 8055 28576 53100
18881 28135 28135 28135 262773
18881 14840 262907 262732
18881 61853
22689 28215 28215 28215 28215 28215
18881 53237 53237 53237 53237 61873
18881 52965 61944
18881 53195
18881 28620 28620
18881 14840 52828
18881 262859 52709
18881 52965 263073
18881 262299
18881 52596 52537
18881 53087 53233 53233 53233 53233 53233 53233 53233 53233
18881 262687 262600 52879 52879 52879 52879 52879 52879 52879 52879 52879 52879
18881 263080 262374
18881 28279 263343 263343 263343
18881 53221
18881 52965 263078
18881 263656 262752
18881 28169 263061
14868
8167 65009
18881 263594 263643
18881 264374
18881 25933 25933 262879
18881 263557
22689 262451
14868 52656
18881 16685 22356 22356 22356 22356 53245
18881 262748 262569
18881 25933 25933 53223
18881 262859 263073
18881 263480
18881 53237 53237 53237 53237 61633
18881 263038 263038 263038
28287 53067
14868 28181 28181 28181 28181 28181
18881 263443 52562
18881 53073
18881 28296
18881 16685 22356 22356 22356 22356 262662
18881 14840 262616
18881 262438 262438
18881 52594
18881 28135 28135 28135
18881 52559 263116
18881 16685 14204
18881 28224 262361
18881 262298
18881 28135 28135 28135 262590
18881 28669 262412
18881 263164
18881 28580 52818
18881 61913
18881 262603
52544
18881 28343 28192
18881 53237 53237 53237 53237 262989 61858
18881 61920
18881 28343 262332
18881 262594
28663 21911 21911
18881 28343 28176
18881 262377
18881 28158 61892
18881 14840 14840 262544
18881 14840 263000 263510
18881 28620 61910 61910 61910 61910 61910 61910 61910 61910 61910 61910
18881 28636 28636
18881 262865 263599
18881 263164 61751
18881 28343 28343 28343 28343 52664
18881 28343 28192 28288
18881 28142 262445
18881 262276
18881 25933 25933 61893 61893
11284
28287 53054
18881 53237 53237 53237 53237 263546 263268
18881 263080 262784 262784 262784
18881 52873 52873 52873 52873 262843 262843 262843
18881 52873 52873 52873 52873 53004
18881 53144
18881 52559 263081
18881 11844
18881 263053 262401
18881 262859 53087
18881 52815
18881 52965 262440
18881 10897
18881 52831
18881 262999 52995 53121
18881 262450
18881 53007 53007 53007 53007
18881 262798
18881 53237 53237 53237 53237 262378 262378
18881 262476 262728
18881 262633
18881 25933 25933 263604
18881 53237 53237 53237 53237 262352 262452
18881 14840 14840 28288
18881 28224 263498
18881 53050
18881 14840
14868 262328
18881 263144
18881 28343 28192 52725
18881 28360 263099
18881 52873
18881 52965 52605
18881 52965 262637
18881 28158 52591
28193
18881 263394
18881 28285 28285
18881 52783 52715
262493 262892
18881 53237 53237 53237 53237 262404
18881 25933 25933 61646
18881 25933 25933 263384
18881 262687 52554 52554 52554 52554 52554 263657
18881 263437
18881 53237 53237 53237 53237 263143
18881 20044
18881 263553 263553 263553
18881 16685 22356 22356 22356 22356 53141
18881 28224 263017
18881 28244 262734
18881 28360 263570 263570 263570 263570 263570
18881 28169
262865
18881 28248
18881 262621 262621
14026
18881 25933 25933 53149
18881 14840 14840 14840 14840 61889 52663 52663 52663
18881 263072 28241
18881 28224 53218
18881 28224 61765
18881 61667
8167
28359
18881 263306 263306 263306 263306 263306 263306 263306 263306 263306 263306 263306 263306 263306 263306 263306 263306
18881 53237 53237 53237 53237 262753 262753 262753
18881 262687 52554 52554 52554 52554 52554 53123
18881 25933 25933 52685 263263
18881 52559 263526
262451
18881 28669 28600
18881 28279 262324 262324
18881 53220
18881 14840 263515
18881 262859 262740 262300
18881 28580 61899
18881 14840 14840 53175
14868 263492
18881 262476 52730 52730
18881 28580 262333
18881 53237 53237 53237 53237 52747
18881 28135
18881 52873 52873 52873 52873
