28186 52864 52864 52864 52864
18881 28135 28135 28135 28135
262907 262625
18881 53047 262497 262497 262497 262497 262497 262497
262666
53237 61917
16735 28653
18881 53237 53237 53237 53237 61658
23106 262815
11835 262806 262577
18881 61679
16735 263508
16735 263084
1916 2716 19611
263447
1916 53188
18881 13914 13914 13914
12989 262659 52579 263314 61799
16735 262652
18881 263402
28329 263340
18881 52965 53093
18881 53237 263566
16735 28263 52814
18881 263065
18881 52532
16735 28247
18881 28343
28624
28303 52706
262454
53062 262391
28306 52548
16735 28284
16735 52899
28329 263584 53236 53236 53236 53236 53236 53236 53236 53236 53236 53236
28168 53059
28329 28250 263406
28303 262698 262698
12989 52752 61926
18881 262309
16735 262448
28198 28348
262589 52280 14259 22975
25933 53149 53149 53149 53149 53149
18881 52873 263165
28299 52848
18881 262689
25933 262464
27720 262949 52618
12989 26769 14066
11835 53062 262607
16397 61808
262589 52280 27986 7049 7049 7049 52354 52354
28168 263677
18881 52660 28125 263487
262589 52280 27986 6471
12989 8368 197483
25933 53062 52984
18881 263004 263004
18881 52546
12989 262659 52579 263502
28186 263556
262476 52935 263371
28329 28250 53077
262589 262195 16814 52394
18881 262859
262827
18881 53237 53237 53237 53237 53016
28343 28176 28176 28176 28176
262394
28368 53173
14840 52694
16735 262313
18881 53047 262497
28625 15133
28329 262993
16735 28616
19182
12989 29748 4907
52550 263679
18881 28137 28137 28137 28137
18881 53237 262308
28155 26622
16735 262733 28207
1251 263313
262589 52280 14259 28099
25933 263485
52937
28618
27724 53111
16735 61907
12989 11931
18881 53237 53237 53237 53237 28188
18881 28299 28299 28299 262407 262407
262659 262622
28368 263346
18881 52761
28329 28250 263460
52720 52720 53071 28249
262589 52280 27986 7049 7049 7049 27953 27953 27953 27953 27953 27953
262750 53156
28368 53246
52720 52720 53019
16735 52747 61862
52909
14282 14282 14282 14282 14282
28343 28192 52725
1916 11242 263300
262725 61698
18881 53237 53237 53237 53237 263069
16735 28596 28596 28596 28596
18881 52595
18881 262859 52320 6939 12956 28368
52888
262575
16735 28214
18881 28303 263486
16735 28258
1251 52888
28329 52902
262375
28287 28287 28287 28287 28287 28287 262362 262362
18881 262316 262316
12989 28202
28186 262801 263151
18881 262748 53176
16735 14868 53046
53162
28634 262553
16735 262624 52758
16735 23289
53237 52963
52691
18881 52700
18881 263418 262721
2688 26607
262589 52280 27986 7049 7049 7049 262222
16735 262505 61718
262907 53015
52988
18881 52965 52749
28368 28199
16735 7298
25933 52722
18881 262773 28160
16735 262566 262566
12989 20940 21342
11835 262437 262437 262437 262437 262437
262599 28210 262271
12989 262585
53237 262517 28326
14840 52861
28168 53169 53169 53169 53169 53169 53169
53237 53138 53138 53138 61824
23106 61877
18881 262880
262476 53237 52730 52573
18881 53237 53237 53237 53237 28191
262744
18881 262955
52925 28313
18881 28145 263616 52656
28654 52964
11835 262824
18881 262740 53014
262589 52280 14259 27918
16735 14868 52912
18881 263614
28329 263584 262868
18881 27656
18881 53159
262589 52280 14259 52479
263460
52967
52974 263270
28580 262509 262509 262509 262509 262509 262509 262509 262509 262509 262509
18881 52859 263070
18881 28652
18881 262687 52554 61800
22356 28124 28647
52720 52720 52960
28292 262331
52720 53019
18881 53237 53237 53237 53237 263457 263457 263457
18881 263459
18881 14840 14840 14840 14840 262496
16735 28245 262538
28625 262397
263311
1916 262511
13414 35995
28329 263566 263566 263566 263566 263566
28352 61796
18881 28279 262324
28124 28667 262877
53061
28329 262565
18881 52520
11706 11706 11706 11706
14282 14282 14282 14282 14282 263586
16735 262767
28329 28250 262552
262750
28168 53043
11835 28181
13495
28666 52675
262589 262195 262192 52300
18881 28227
18881 52965 61651
28640 28352 53130
16735 262568
52920
18881 53158
53122
262589 52280 27986 7049 7049 7049 11193
20406 262706 6762 262589 28226 262321
16735 14868 262968
1916 11242 28601
20406 262706 263432
53075 26615 28244
53224 28340
12989 262454 262454
1916 11242 263410
18881 263260
262589 52280 27986 7049 7049 7049 28318
262589 52280 27986 27925 27925
18881 53159 53159
16735 28350
18881 262773
262777
18881 52783 52588 263266
11835 262810
18881 262997
28306 52531
52720 52720 52974
16735 11432 11432 18747
28640 28370
12989 32590
262429 52770 53145 53145 53145
262765 263568
18881 262593
262952
18881 28167
16735 262372
28303 52727
263499 263499
262581
25933 53048 53048
16735 11432 11432
263416
262589 52280 27986 7049 7049 7049 52327 52327 52327 52327 52327 52327 52327 52327
22177 262848
262605 52625
263001
18881 263053 52650
16735 262814
25933 263384
16735 12989 22177 262344
18881 52583
52720 52720 52960 52592
16735 28245 262892
18881 263415
28303 263051
12989 26978 26978 26978 2900
262476 52935 52935
16735 28284 53152
16735 263458
16735 11432 11432 11432 11423 11432 11432 11423 11432
28168 262375
18881 28361
25933 53112 53112 53112 53112 53112 61653
52320 10299
262589 52280 27986 7049 7049 7049 52374 52374 52374 52374
18881 262430 262430 262430 262430 262430
28329 52865
18881 52783 262439
16735 263615
11835 263059
262589 52280 27986 6471 15208 15208 15208
16735 52956
22548 23596
18881 262955 52858
12989 21766
12989 28634 262553
18881 53237 53237 53237 53237 52730 52573
262589 52280 27986 6471 21862
18881 21433
262589 52280 14259 262155
28283 263126
18881 52696 52647
18881 262872
18881 28169 53023
16735 14868 263495
16735 262484
16735 14868 262544
25933 263003 263391 263391 263391 263391
18881 25933
18881 262725 262725
18881 262688 262302
18881 53153
12989 21766 21766
262589 52280 14259 14117
22431 28136 262383
28303 262307
262750 263643
16735 52728
22356 198412
262693
18881 262999 53163 263628
18881 262999 53163 263664
14840 53192
25933 61930
16735 28263 53186
8075 8068
28132 263279
262589 52280 27986 262237 263237
18881 263279
35788
18881 53237 53237 53237 53237 52635
28168 263264 61753
11835 263348
16735 14868 263428
11835 28359 28359 28359 28359
8075 8071
12989 53346
18881 52965 262792
18881 64600
28343 263018
16735 12989
16735 52697 262765
262434 263419
262878
11835 262619
1916 11242
11835 53189
28224 61915
262589 52280 14259 27678 27678 27678 27678 27678
28168 53062 262592
28303 53222
262589 28134
18881 52965 262554
28262
16735 262869 262869
53237 61633
16735 28597
22250
14840 28579
22548 112
262589 52280 27986 7049 52475
52320 19429 19429 19429 19429 19429 3603
262421
12989 262659 52579 262708
16735 28125
28329 262324
16594
11835 262322
53075 53025 262584
28668 262281
11835 52587 52587 52587
25933 28157
262808
262355 262586
18881 263004 263020
18881 22148
28168 53043 52932
28329 263467
18881 263080 28328 28328 28328 28328 262676
15169 55023
262589 52280 14259 262167
11835 262756
262589 52280 27986 7049 7049 7049 52352
28347 262908
14551
262589 52280 27986 6471 27678 33075
1916 11284
1916 2716 262583
16735 27664
16735 12989 22177
28349 53008
18881 61742
14282 14282 14282 14282 14282 263579 262707 262707 262707
13878 28358
27724 52993 61806
25933 61897 61897 61897 61897
18881 28205
262476 52935
12989 52752 53158 53158
263080 262374 263545
18881 53112 53112
28303 262417
262599 3549 7738 52773
28146 28146
18881 52696 262373
53162 263324 263324 263324
12989 52752 61828
12989 18559
16735 262595
53237 262989 61799
16397 28349
1916 11242 10715
28138
28299
18881 28252
16735 262512
16735 11432
53143 263075
262996 263154
16735 28313
18881 262687 262687 262687 52554 52554 52554 52554 52554
263047 263324
27724 28151
28168 61874
28329 262502 263641
28639
262793 28364
16735 28589
18881 28279
18881 263053 263035
262589 52280 27986 7049 7049 7049 52444
18881 262971
262589 52280 27986 7049 27987
27724 28281
16397 52691
18881 262633 61741
16397 14463
16735 28586
18881 263053 262401 262696
11835 263289
263080 262374
28329 28326
11835 52670
52770
28168 53059 53059
11835 52517
262589 52280 14259 27678 25192
262429 52770 53145 53145
12989 29798
16735 262505
262589 52280 27986 7049 7049 7049 27960
262750 262373
16735 28284 53152 262890
28303 61764 61764 61764
262589 52280 14259 27678
262589 52280 14259 18822
18881 263042
28329 52596
28186 262801 262373
18881 263416
28343 262768
18881 20940 20940
28168 28361
28309 262502
18881 262526 28635
52752 263623
18881 263030
262589 52280 27986 7049 7049 7049 52453 52453 52453 52453 52453 52453 52453 52453
262650
25933 52681
28165 262763 262763
12989 262673
28220 28220 28220 262818
16735 52931
262589 262195 27983
53080
18881 263668
18881 53237 53237 53237 53237 263546
52925
28329 52957
52320 19429 19429 19429 19429 19429 22368
18881 263267
28303 263593
16735 53171 262346
19873
18881 28258 53170
18881 263099
18881 53237 53237 53237 53237 52730
262589 52280 14259 27678 52306 52306
16735 28263 262272
18881 53087 53055
28140
28360 263099 52741
28329 262737 263304
262589 52280 27986 6471 21753
16735 263496
28303 52737
262743 53152
25933 262441 262441
16735 12989 262659 262493 262892
262589 52280 27986 7049 7049 7049 52323
28352 263676
262822 53132
53237 263457 263457 263457
262609
28165 28165 28165 28165
53224
262421 3549 7473 7713
12989 21766 19331
262757
16735 28163
18881 262320
16735 263651
53100
16735 52838
11644
18881 53237 53237 53237 53237 52780 52811
27724 4913 65000
52752 61815
53114
18881 52965 61947
263001 61697
14282 14282 14282 14282 14282 262493
262375 262488
262996 61746
18881 262859 28160
52320 19429 19429 19429 19429 19429 11581
18881 262689 52666
28272 28272 28272
1916 11097
16509
28283 263441
53237 11338
18881 263284
262589 52280 27986 7049 7049 7049 52465 52465 52465 52465 52465 52465 52465 52465 52465
27720
18881 53237 53237 53237 53237 11338
18881 262999 52995
262429 52770 53061
18881 262997 262947 262947
18881 28343 28343 28343 263285
28303 262417 262661
27693 53081
262589 52280 27986 7049 7049 7049 27883
28343 28192 263058
52896
16735 52904
18881 262828
18881 262669
53237 52635
18881 263445
28360 263054
16735 12989 262659 262493 14463
262760 52569 52569
28580 61899
262589 52280 14259 52267
28654
52320
8075 8075
262760 263131
16735 52835
262599
263080 262374 263526
28146 262893
18881 23289
16397 262329
262760 28172
263444 28654
18881 262466
53237 262352
18881 52765
28625 30419
262589 52280 27986 19180 262168
16397 53161
262589 52280 27986 6471 14966 14966 14966
262760 263038 61784
16735 53006
12989 262706 262910
18881 28299 28141 263263
22356 27682
12989 21740
262599 262599 28210
28224 263659
18881 52610
28343 28176 28176 28176
18881 53237 53237 53237 53237 52963
18881 53087 262681
11835 61717
28329 53158
18881 263263
14840 262907 52734
16735 262745
262760 262285
262406
28303 262309
28329 262827
28155
12989 262413
18881 53178
262620
18881 262663 262663
11835 28223
28368 61831
22177 52941
16735 53102
18881 21758
25933 28157 28157 28157 28157
262589 52280 27986 7049 7049 7049 28009 28009 28009 28009 28009 28009 28009 28009 28009 28009 28009 28009 28009 28009 28009
18881 262706
16735 52898
11835 262736
28303 52775
16735 262540
12989 52752 53169
52545
262589 52280 14259 27899
262599 262808 52753
53115 262621
52967 52894
18881 52688
28303 61639
53237 28191
262589 262195 10481
18881 52965 262642
14840 263377
18881 262998
27720 262819
28168 61917 61917 61917
11835 61895
11835 28145 263616 52656
7048 7048 7048 7048 7048
18881 52559 263112
16735 7313
28329 52935 263371
18881 52965 262604
25933 263604 263604
28347 262612 262612 262612
262589 52280 27986 27925 27925 27925
262589 52280 27986 7049 7049 7049 27988 27988 27988 27988
52941 263583
262704
28168 263124
18881 28343 28343 28343 28343 28343 262443 262782
16735 263293
28343 61921
14282 14282 14282 14282 14282 263554
262589 52280 27986 7049 7049 7049 52240
16735 262282
18881 28343 28343 28343 28343 28343 262980
25933 262848 61846
16735 262780
53237 28126
16735 263277
16735 52862 52862 52862 52862 52862 52862 52862 52862 52862 52862 52862 52862
18881 263548
14868 262524
28168 61851
16735 28258 53139
262760 52597
18881 263100
16735 263494 263043
18881 262687 262687 262600
12989 262659 52579 263314
262589 262195 27983 27971
18881 262773 262773 262773
28216
262589 52280 27986 7049 7049 7049 52372
18881 28303 262746
28303 263634 263634
12989 26978 26978 26978 12259 12259 12259 12259
28168 28266 53224 262682
12989 26978 12259 12259 12259
53118
22356
262785
16735 262610
262589 262599 262599 262599 53142
18881 262999
12989 52752 52939
53101
262589 28032 27843 27843 27843 27843 27843 27843 27843
28303 28614
28368 28225
10733 263136
262743 52800
16735 52805
28168 52768 263490
28598 262832 52679
262589 52280 27986 7049 7049 7049 52419 52419 52419 52419 52419 52419 52419
262589 52280 27986 7049 7049 7049 13585 13585
16735 28649
28267 14457
18881 262434
18881 52762
16735 28596
18881 262859 3549 6762 26615 262405
18881 52965 53160
18881 52933 52933 52933 52933 52933 52933 52933 52933 52933
16735 28209
28640 263536 263536 263536 263536
53237 263026
28640 28352
28649
53062 263282
18881 53077
18881 2716
28658
27724 28582
262589 52280 27986 7049 7049 7049 28023
28168 262683
15180
27693 53089
16735 53109
18881 28173
12989 22177
28303 52604 263527
262589 52280 14259 16921 16921
25933 262848 263656 262752
18881 263276
16735 14868 263367
16735 53079 53079
18881 262687 262687 262687
262589 52280 27986 7049 7049 7049 52420 52420 52420 52420 52420 52420
18881 28142 262911
262589 52280 27986 262237 262237
53237 262352 262452
18881 262859 52568
262589 52280 27986 27659 27659 27659 27659
12989 262659 52579 263314 262702
18881 262859 53087 53087 53087 53087 53087 53087
262664
16397 61951
28168 28266 28266 28266 61710
18881 262491
16735 28150
262669 263054
8055
28343 28192 28288
18881 263384
16735 262775
262589 52280 27986 7049 7049 7049 263183
28168 262402
28647
28343 262980
12989 14986
28343 262443
18881 262859 263517
262589 262195 19889
52613
52962
12989 29748 15226
11835 262641
25933 61830
25933 262985
52720 52720 53236 53236 53236 53236 53236 53236 53236 53236 53236 53236
53118 52812
18881 28359 28359 28359
28329 28250 28198 52576
25933 52751
262743 263672
18881 52998
15180 28596
13335
262434
18881 28343 28343 28343 52664
12989 62519
18881 28584
18881 262368
16735 262785 263497
53115
12989 55041
262589 52280 27986 7049 7049 7049 263213
28303 263565
262589 52280 27986 6471 52368 52368 52368 52368 52368 52368 52368 52368 52368 52368
14840 52892 263126
16735 12989 262659 52579 52563
28247 28247 52575
262589 52280 14259
262761 61937
12989 22177 262344
16735 12989 262659 52579 263314
1916 28609
18881 263465
28168 53169 53169 53169 53169
16735 262797 262797 262797 262797
262996 61638
18881 263045
262684
28598 52981
8075 3598
18881 263077 263077 263077
22177
18881 53237 53237 53237 53237 262503
28146 263006 61671
28368 28164
16735 262899
262822 263382
16735 12989 262659 52579 263314 262702
11835 262847
262660 262723 262723 262723 262723
16397 28320
28283 61847
18881 262859 52709 262521
53237 262766
18881 262859 3549 12956 28368 263665
12989 11588 13550 22626
18881 262687 52960
18881 262700
53237 262849
18881 28620 28620 28620 28620
18881 262827
18881 263089
262589 262805
18881 263257
52720 61919
16735 52886
22356 61813
18881 262435
28224 263439
16397 262446
28126
28168 262293 262293 262293
18881 262689 262689 262689 52541
262589 262195 16814 28035 28035 28035
262906
18881 52873 262843
16735 12989 262659 52579
16735 52862
28303 28281
262429
16735 52958
53143 28349
52697
28303 263660
18881 262667
28303 52861
18881 263391
12989 52752 61945
25933 53174 53241
61898
15169 22244 22244 22244 22244
16735 28258 262749
22177 262747
18881 263569
263047
13878 262318 262318 262318 262318 262318 262318
53237 262753 262753 262753
53237 262270
28271 262847 262847 262847
14282 14282 14282 14282 14282 262493 264352
18881 28130 28130 28130 28130 28130
18881 262687 262600
28625 11303
28347 262598
28329 52573 263654
53111
28303 263634 263634 263634 263634
53237 262786
262589 52280 27986 6471 52313
11835 262437
18881 28155
52720 52720 263596
52640
52550 263271
263071
16735 14868 263393
18881 10733
53175 61921
25933 53048 262417
28329 263432
22177 52782
11835 52616
16735 12989 52752 61926
28347 52878
53171 52940
14840 3573
27724
262589 262195 16814 15274
18881 262687 262687 262687 52554 52739
262660 262522
262589 52280 27986 7049 7049 7049 52259 52259 52259 52259 52259 52259 52259
18881 61868 61868 61868
18881 28142
52937 262367
28220 28220 28220
18881 53237 53237 53237 53237 263026 53212
20406 262706
28666
262589 262195 28100 28100 28100 28100 28100 28100 28100 28100 28100 28100
28229
28168 262733 53058 263666
262585
262659 52621
18881 61745
52850
18881 53227
16735 14868 262678
52977
28303 262746
11706
262965
18881 262789
23106 52883 52883 52883 52883
18881 52966 52966 52966
52320 19429 19429 19429 19429 19429 14187 14187 14187 14187 14187 14187 14187 14187
28202
18881 262426 262426 262426
52527
23105
1916 2716 22819
22548
28299 52851
28349
28303 28283
18881 53137
28303 61764
10733 262275
17222
262760 52789
16735 263060
28224
18881 53237 53237 53237 262766
262599 3549 28260
28642
18881 262496
28153 61636
18881 28343 28343 28343 28343 28343 52693
52861
16735 28279
1916 262534
14282 14282 14282 14282 14282 263155
53237 52764
28666 53231
16735 19960
25933 53112 53112 53112 53112 53112 8167 263037
53070
14840 263539
11835 52560
28168 53169 263649
53099
12989 13537 13537 13537 13537 13537 13537 13537
16735 28263 262535
28283 61924
262469
18881 52532 11431
16735 52747
18881 52537
53222
28124 28667 28277
18881 28359 262688 262290
18881 28343 28343 28343 28343 28343 262443 263018 61821
18881 262814
262750 262373 61798
12989 34141
18881 52827
18881
28169
25933 262848 263656
16735 262510 262510 262510 262510
53075 26615 28244 53025 53029
28368 262716 262716 262716 262716
262589 262599 262599 262599 262664
18881 52762 53183
14204
16735 52657
28329 262523
18881 28620 61910
28580
22548 27678 27678
28186 52864
262659 262662
25933 22128
52720 52720 263636
18881 263587
262394 28240
16735 53131
28168 263068
28224 28356
12989 8368 48517
16735 28263
52550 28271
18881 52871 28346
18881 52871 262668
18881 28278 28278 28278 28278 28278 28278
28271
18881 52566
28123
262589 262195 27769
12989 262765
53237 52769
52720 52720 262735
28368 262460
53224 263424 263424 263424 263424 263424 263424 263424 263424 263424
28267 28267 28267
12989 42473 61084 61084
23106 262851 61885
262729
262589 52280 27986 6471 52368
27693 61816
262589 28032 28083 28083 28083 28083 28083
18881 28303
53237 262989
18881 262365
11835 263616
18881 262859 262560 262440
12989 52752 52692
18881 263443
28168 28347 28191
28168 28266 53125
53070 28325
53192
11835 53065
12989 21766 27221 27221 27221
18881 262649
11835 263532
262589 52280 27986 7049 7049 7049 28009 28009 28009 28009 28009 28009 28009 28009
18881 262687 262687 262687 52554 263667
18881 53237 53237 53237 53237 52721
262589 52280 27986 7049 7049 7049 52308
18881 53078
25933 52799
18881 262688 262436
28329 263056
30081 30081 30081
262589 52280 27986 7049 7049 7049 52259 52259 52259 52259
53237
16735 263531 53110 53110
28368 262293
28329 263577
18881 10897 10897 10897
28669 61780
16735 28279 28279 28279 28279
16735 14868 52760
20406 262706 263432 263305
28329 28250 262385
28576 53084
18881 28580 262704
14840 262907 52948
16735 12989 28634
262996 263159
18881 262481
16735 263632
28303 52813
16735 12989 52752 263070
28329 263432 263305
18881 262999 53163 263473
18881 262698
2688
53185
53166
18881 61830
18881 53237 53237 53237 53237 263026
18881 52965 262460
12989 21766 27221
28624 262608
18881 52932
262589 52280 27986 7049 7049 7049 17069 17069 17069
28207 262733
18881 262504
18881 53237 53237 53237 53237 52807
262964
16735 14868 14868 14868 14868
18881 28343 28343 28343 28343 28343 262443
12989 52752 52769
12989 262659 52579 262721
262589 52280 27986 7049 7049 7049 11008
18881 262688 262688 262688 262688 262688 262688 262436
28329 52935
18881 53134
16735 28245 61918
14282 14282 14282 14282 14282 263011
18881 262773 262773 262773 262773 262773 262773 262773 262773 262773 262773 53176
262996
16735 8141
28368 262274
52945
18881 52696
28347
18881 263094
18881 26616
28598 263427
18881 52762 263518
28186 28615
12989 26769 16978
52866
28665
262561 52876 52876 52876
27724 263041
25933 263441
16735 262442
262589 52280 14259 16990
18881 28299
18881 53137 52685
16735 14868 262433
262589 52280 14259 27678 28377 28498
28303 263386
262428
16735 263469
16735 28358
262808 262599 263339 263339 263339 263339
28299 28134
262449
16735 262505 61775
262355 263647
52752 262791
52937 52766
53162 28618
22431 3549 52579 262708
12989 32161
16735 262643
18881 263004 52934
12989 33724
52836
262750 53005
18881 28606
52967 263031
16735 262346
16735 52976
262761 262422
262589 52280 27986 6471 7867
52610 263092
28168 53062 53155
262446
262792 262713
15169 6432
28343 262443 263018
18881 262957
28303 53230
263001 262589 6762 3549 262854 61697
16735 262730
20406 262706 262910
16397
28649 262730
22356 61163 61163 61163
262558
28168 263432
11835 262482
28368 262327
53237 52730 52573
52720 52720 52960 262600
14282 14282 14282 14282 14282 262289
28294
16735 262428 262428 262428 262428 262428 262428 262428 262428 262428 262428 262428 262428 262428 262428 262428 262428
262589 28032 28083
18881 52965 52605 52605
262589 52280 27986 27659
52974
262589 262195 6057 14234 14234 14234 14234
18881 61850
18881 263484
263080 262474
11835 262451
18881 61868
18881 53237 53237 53237 53237 263143 263255
53237 262517
52925 16839
11835 52817
16735 28294
18881 262865
263001 263016
16735 28294 28294 28294 28294 28294
18881 263077 263077 263077 263077 263077 263077 263077 263077
262907 263604
262599 28260
262589 52280 27986 18747 18747 18747 18747 18747 18747 52368
28303
16735 11432 11432 11432 11423
22356 18547
18881 11802
16735 11432 27697
27693 28235
53237 263546 263294
18881 53112 53112 53112 53112 53112 263037
28303 262695
27720 262949
22548 30122
16735 262694
25933 262544
28283 53167 53167 53167
18881 28285 28285 28620
262589 52280 27986 7049 7049 7049 11750 28019
28599
16735 52698
262589 52280 27986 7049 7049 7049 52453
12989 262659 52579 263314 262870
25933 262879
18881 11097
262464
18881 263053 262401 262623
1916 262876
20406 262706 262321 262321 262321 262321 262321 262321 262321 262321
11835 52724
53075 53025
16735 12989 52752 53158 53158
1916 10881 13522
18881 28285 262434
18881 53237 53237 53237 53237 53138 53138 53138 61824
53221
262589 52280 27986 7049 7049 7049 52431 52431 52431 52431 52431 52431 52431
262589 52280 27986 6471 27952 27952
262589 262195 16814 27692
28329 52957 262602
262761 262395
53142
16735 12989 262659 52579 263314 262870
12989 52752 61945 263519 263519 263519 263519
18881 53237 53237 53237 53237 263056
28310 52850 263515
28168 52901
27724 52524
53224 52528
262589 52280 14259 25718 25718 25718 25718
23002 23002 23002 23002
28329 61783
11835 52607
18881 262688
18881 52822
16735 262335
18881 262859 53087 262634 262634
11835 28592
16735 28271 28271 28271 28271 28271
25933 263003
262589 52280 14259 262224
263444 28153
18881 52911 52911 52911
18881 53237 53237 53237 53237 262753
18881 53087 53087 53087 53087 53087 53087 53087 53087 53087 53233
262589 52280 27986 7049 7049 7049 52492
16735 52644
18881 14840 52568
23106 262306
18881 52547
53237 263546 61734
53037
18881 52901
28158 262280
28329 52596 61754
11835 263567
11835 262530
18881 28303 11802
16735 53204
25933 262891 263529
16735 262617
22177 22177 22177
12989 20940 20940 20940
12989 7158
28303 28146 263659
262589 262195 6057 52241
262589 52280 27986 7049 7049 7049 52354
31529
53237 52807
18881 263582
16735 27693 53210
18881 263523
28360 263252
262599 263585 61797
12989 33438 20446
262589 52280 27986 7049 7049 7049 27833
18881 53237 53237 53237 53237 52526
16735 263312
262589 27765 27738
262589 52280 14259 52460
18881 52622
262589 52280 27986 13381
28158 28158
28272
16735 28137 28137
18881 262620
25933 263520
262589 52280 27986 262237 262237 262237 262237
28146 263289
18881 263047
53131
14840 53222
28198
18881 263391 263391 263391
53066 28591
23106 262268
18881 262671 262671 262671
18881 262295
18881 263262
28168 53062 52952
16735 12989 52752 61945 263519
1916 2716 19200
18881 262669 52923
18881 262859 3549 6939 53246
53053
18881 53065 53065
18881 28662
25933 262848 61788
18881 52965 262560
28303 263408
262589 52280 27986 7049 7049 7049 52490
28303 263539
18881 53015 28278
262476 262728
33182 53055
1916 11242 263325
262589 52280 27986 262237 262237 262237 262256
28168 52856
262669 52923
27724 28255
16735 21574
18881 262388
16735 52708 262517
28343 28192 263630
28640
28168 53062 262396
28625 53244
262589 52280 27986 18747 18747 18747 18747 18747 18747 18747 18747
14840 52892 262416
53097
18881 262611
16735 12989 22381 262446
262476 262720
14840 263416
28329 53195
28168 263432 52612
25933 53112 263091
52568
262599 61867
8075 8070
11835 263586
16397 263379
27724 53056
18881 52993
16735 12989 262659
1916 10417 47065
11835 53119
16735 53182 53182 53182 263389
52320 19429 19429 19429 19429 19429 28039
28303 28146 53178
262907 61695
53171
262761 263600
1916 262857
52967 53051
11835 61725
28169 263048
25933 52844
28360 263099
14282 14282 14282 14282 14282 263538
18881 28605
28265
18881 262748
52941
18881 262999 262960
18881 53237 53237 53237 53237 262531
53059 52964
16735 12989 52752 52917
18881 262390
18881 28620 28620 28620
262906 262807
28224 262361
16735 28360
28224 263498
28250 263376
28146 263017
18881 53087
27724 262950
18881 52677
14840 53137
28309 28256
25933 263510
18881 28212
263080 262474 52946
15169
18881 263265
18881 28369
52869 52869 52869
18881 53087 263086
18881 263391 263391 263391 263003
22548 35052
52752
11835 19723
16735 21574 262566
52803
18881 28592
262476 52730 52730 52730
27724 263007
1916 2716 262441
25933 61915
16735 12989 52752 61815
18881 52965 53055
28171 263431
262589 52280 27986 7049 7049 7049 28111
262363
28303 262311
16397 53044
262589 262195 262192
18881 262773 262773 262773 262323
18881 52881
16735 28309 262889
262589 52280 14259 19077
18881 61714
18881 52847
262862
28146 28146 53169 53169 53169 53169 53169 53169 263004
16735 262761
11835 263640
16735 263330
28186 28214
53075 28244 53098
18881 61838
18881 53237 53237 53237 53237 61925
16735 14868 263398
16735 52708
8075 6584
17222 262954
28306 262640
28352 52811
11835 52705
36408
28299 28141 262715
28368 263338
18881 263080 262582
262589 28032 263189
52877
262589 262195 16814 20321
262750 53180 28360
16735 12989 52752 262423
53102
53061 19990
18881 28360 262351
16735 263356
262750 52714
8075
28368 263521
262761 263633
27693 53213
22356 262981
18881 263072
262589 52280 27986 7049 14318
26609 52531
16735 28258 53196
18881 262859 263073 52624
28163
18881 262591
18881 263385
18881 263374
16735 263033
1916 21506
262589 52280 27986 7049 7049 7049 27964 27964
53224 52901
262760 28610
263080 263079
16685
18881 262859 28615
263057 263153
16735 262353
16735 12989 52752
28368 262537
28153 61730
262761 28324
53158
28624 52732
262394 28240 28240 28240 28240
25933 53009
28624 52543
263057 18881 262589 262854
263113
12989 262706 263307 263307 263307
11835 262847 61938
28186 262465 262465 262465
28168 263432 262487 262487 262487 262487 262487 262487 262487 262487 262487 262487
28303 28577
16735 52586
53237 262402 262488
52720 52720 52707
28168 28257
28168 53024
28186
15180 263575
262476 52730 52742
28168 53236
18881 53237 53237 53237 53237 262849
18881 28299 52610
16735 52798
262435
28168 262733 53058
28224 61765
12989 31915
18881 52655
18881 28336
28168 53062 262417
28158 263303
11835 262866 262866 262866
25933 53240 53240 53240 53240
18881 263040
16735 61934
18881 28128
28168 262404
262355 262548
18881 263551
16735 12989 28202
53237 262462 61804
53224 52916
28168 61917
22356 28299
8075 8075 8068
53237 263546 263268
18881 262687 262855
18881 28359 262688
28368 262312
263001 52689
53062 28208
262743 28284
11835 262408
262589 52280 14259 18492
262401 263120
16735 19602
11835 263027
262760 53209
262765
28168 53169
16735 28360 52936
16397 28265 28265
28283 262903 262903 262903 262903 262903 262630 262630 262630
28267 262778 52577 52577 52577 52577 52577 52577 52577 52577
16735 262330
61440
18881 52779
262589 52280 27986 7049 7049 7049 52425
262793 28230
22431 262708 262708
22177 28254
52988 263462
25933 262695
28326
262589 52280
262792
16735 53011
262589 262195 52346
16735 52614
28283 53145 53145 53145 53145 53002
262589 52280 14259 52315
14840 262636
22177 61928 263421
12989 262659 262493 14463
28168 53062
27724 53181
27724 53040
262444 262665
18881 52965 52702
18881 28580 263074
28329 28250 28268 263652
18881 262551
16735 28263 263062
28168 53062 262984
18881 263025
23106 52701
262333
22356 28666
53059 262730
28306 52918
262604
18881 262859 262560
18881 28343 28343 28343
16735 262970 262970 262970 262970
18881 28141
262589 52280 27986 7049
53237 53138
262760 263626
53059 53104
28306 28133
28250
262589 52280 27986 18747 18747 18747 18747 18747 18747 52270
262589 52280 27986 7049 7049 7049 52322 52322 52322 52322
14840 262303
16735 262761 262427
18881 28148
25933 262837
25933 28605 263052
16735 262505 263028
22356 53141
25933
18881 28205 262351
28661
262695
53068
16735 53172
263008
18881 262490
14282 14282 14282 14282 14282 28305
262908
27724 61856
262429 52770 52694
262412
18881 263298
28329 61911
16735 12989 262454 262454
262760 61839
18881 262999 53163 263622
28329 28250 52532 11431
16735 14868 28369
53144
18881 263053 28163
14840 28259
28283 262903 262903 262903 262903 262903 262630
11835 28158
52967 52741
53072
18881 263099 52601
16735 52623
262589 52967 28657
28329 263316
18881 61906
28329 28250 52608
28360 263570 263570 263570
28168 53062 263005
26609 52558
18881 53237 53237 53237 53237 262975
28122
20142
12989 52752 52917
262660 52982
18881 53237 53237 53237 53237 53138
14868 262968
16735 262711 262711
28168 262700
28168 28266 262875
14840 28595
16735 14868 28285
28306 28133 53106
52640 54818
53224 52787
52987
28329 262880
27724 262888
28288
18881 262526 28638
16735 52650
16735 11432 11432 52571
1916 10417 52853
262589 262195 16814 52316
18881 53237 53237 53237 53237 262517
18881 52564
52320 21826
262659 262493
16735 53171 52678
28292
25933 52775
262589 52280 27986 7049 7049 7049 52498
18881 53237 53237 53237 53237 52936
28625 28613 28613 28613 28613 28613 28613
18881 52622 52622
11835 263002
16735 12989 52752 53169
16735 262566
28195
262589 262195 16814 262264
18881 262526
18881 262426
28224 61671
28580 52887
28224 28224
16735 52956 52540
53237 53016
28306 262489
28306 61713
27724 53232
53062 263105
11835 263586 263586 263586 263586
18881 263269
1916 10417
28343 262856
18881 53015 53015 53015 53015
262589 52280 27986 19180
18881 28580
262660 262723
11835 53088
12989 8368 49285 49285 49285
28168 52683
18881 262802
28306 53059
11835 52544
2688 57515 57515
18881 52783 28154
11835 61872
262589 262354
18881 52746
263471
16397 262666
16735 28591
27693 53069
53237 263546 263143
11835
11835 53062 52984
28168 262644
28309 28256 28256 28256 28256 28256
18881 262688 262688 262688 262688 262688 262688
28329 28250 262336
27693 53017
53237 263435
18881 262540
25933 262891
16735 52973
12989 262659 52579 263314 263572
262589 52280 27986 7049 7049 7049 52273 52273 52273 52273 52273 52273 52273 52273 52273 52273 52273 52273 52273 52273 52273 52273
262760
16735 262717 262487 262487 262487 262487 262487 262487 262487 262487 262487 262487
16735 262624
262589 52280 27986 7049 7049 7049 52279 52279 52279 52279 52279
11835 262645
262828
28571
262354 52680
18881 28180 28180 28180 28180 28180 28180 28180 28180 28180 28180 28180
262742
52888 52888 52888
16735 61707
53237 52742
28309 262711
28329 262562
17222 11911
14840 61889
52873 61902
28309
28306 28172
28658 53040
28168 263264
11835 52821
16735 263558 263558 263558 263558 263558
12989 262659 262622
262589 52280 27986 7049 7049 7049 52326
18881 28343 52693
18881 14840 262604
18881 263417
28329 262839
52320 19429 19429 19429 19429 19429 14187
52320 19429 19429 19429 19429 19429 27937
53208
18881 53237 53237 53237 53237 263546 263143
262761 263516 263516 263516
28343 61688
23074
14840 28155
12989 53847 53847
15169 36384
22356 14463
28343 262978
28186 28144
18881 262687 262600 52879
16735 28229 28229 28229 28229
262660 262660 262660 262660 262660 262660 262830
28644
18881 263288
16735 28572
18881 262859 3549 52996
262589 52280 27986 7049 7049 7049 52383
28593
18881 262671
23106 262851 262851 262851 262851 262851 262851 52695
16735 52816
28303 28146 262746
28329 52957 263401
1916 2716
262355
18881 28359 262688 262764
262589 52280 27986 7049 7049 7049 52323 52428 52428 52428 52428 52428 52428 52428 52428 52428 52428 52428 52428 52428 52428 52428 52428
53224 61712
262589 52280 27986 18747 18747 18747 18747 18747 18747
12989 199156
18881 53237 263374
52320 19429 19429 19429 19429 19429 29754
16735 18547
27693 263331
16735 262699 263535
262375 262402
262589 52280 27986 27659 27659 27659 27659 27659 27659
13878 262318
22356 22071
18881 262859 53087 263302
262589 52280 27986 7049 7049 7049 27833 27833 27833 27833 27833 27833
53022
16735 28191
2688 16477
18881 13914
28168 263432 262899
25933 28639
18881 52926
53237 262304
16735 12989 28640
262589 262195 262192 262192 262192 262192
28306
16735 262480
18881 263047 262485
28143
28625 15133 15133
15180 65400
18881 28325
12989 26769 10558
263357
28598 263024
28666 52908
28663
28292 263670
263080 262784 262784 262784
52720 52720 52960 52960 52978
16735 28656
18881 262689 52761
18881 28244 28300
262589 52280 14259 16874
25933 28155
28624 61786
53135
16735 28219
28329 52678
28168 28294
53237 263069
28329 263140
16735 262510
53237 262404
28352
28368 28257
16735 28250
16397 263471
262589 52280 27986 7049 7049 7049 52465 52465 52465 52465
16735 11432 11432 262546
52720 52720 262300
25933 61883
28598 262832 263592
28654 1916
262355 263329
262589 28586
18881 262470
16735 28203
14282 14282 14282 14282 14282 52544
52720 52720 262325
11835 263404
16735 11432 11432 53208
18881 53237 53237 53237 53237 53138 61824
16735 28227
263328
262561 52898
53237 262753
28124 28667 262861
18881 263557 263557
18881 262687 262687 262687 52554 262960
262599 3549 262578
7162
11835 263011
18881 28135 52777
25933 263597
262659 262493 262493 53086
18881 262687 262687 52872 52872
262589 52280 27986 6471 27676
262429 52770 262798
18881 263057
11835 52577
16397 14886
263444 28153 52539
18881 53112
52974 262342
262906 263315
262589 52280 27986 7049 7049 7049 52384
11835 52630
28329 28250 262270
262599 28210 262519
22177 52782 52782 52782
262907 263543 263543 263543 263543 263543 263543 263543 263543 263543 263543
22085
30081
18881 262822 262822 53132
18881 262504 262805
18881 28169 263441
18881 52783 263535
14840
18881 53237 53237 53237 53237 52780
28303 263634
18881 28343 28343 28343 28343 28343 262443 263018
262589 52280 27986 7049 7049 7049
262469 262343
22689
1251
16735 28245 61768
25933 262419
18881 262687 262687 53205 53205
18881 52582
28303 28146 52727
52967 262895
28303 28146 262360
262589 52280 27986 7049 11340
23106 262301
262750 263420
1251 53166
16735 53171
262589 52280 27986 7049 7049 7049 52473
53237 263566
262589 52280 27986 7049 7049 7049 52308 52474
28303 263030
18881 28343 28343 28343 28343 28343 52606
28328
262589 52280 27986 7049 7049 7049 52401
15180 52835
18881 263488
16735 262594 52818
52880
18881 53033
262589 52280 14259 52452
18881 262688 262821
12989 9150
18881 263621
16735 14868 262911 262911 262911 262911
18881 262358 262358 262358 262358
11835 263495
16735 262294
28169 263061
53158 53158
10733
16397 262667
16735 52736 52736
28329 262737
28224 262416
28338 28174
28669 52825
16735 52530 52530 52530 52530
14840 262464
52610
16735 28665
23002 23002 23002 23002 28586
28146 263498
262589 262195 6057 1797 27750 11537 22388 7660 3943 3943 3943
28331
18881 262605 262605
262545
18881 52547 61794
16397 53143
16735 28626
25933 262848 61948
262420
262557
16735 28342
28329 264353
18881 28184
28168 53224 262682
16735 21595
262589 262195 52351
18881 262568
18881 28359 262688 262436
18881 28343 28343 28343 28343 28343 61748
2906
28226
28634 12989 7162 10429 262383
28329 263137
18881 53153 61905
18881 53112 53112 53112 53112 53112 263091
18881 262721
28168 262868
15169 24424
262589 52280 27986 7049 14232
18881 263646
22381 263663
12989 33438
18881 263598
25933 53174
18881 52559
52974 61878
28189
262660
16735 263097
18881 53007
28669 53247
18881 263108
14868 53046
16735 28362
52915
262589 52280 14259 27732
263047 263164 61751
28329 263373
18881 262859 53087 262601
18881 52846
28580 28307 28307 28307 28307
28151
16735 262758
28329 28250 61894 61894 61894 61894 61894
53237 262975
18881 53237 53237 53237 53237 263546 61734
28303 263582
28625 26107
11835 262911
18881 262283
28239 52522
28360
262589 52280 27986 19180 21575
28634
262589 52280 27986 16921
18881 262311
53237 262378
12989 262429 52770 52694
28168 53169 53169 53169 53169 53169 263649 52843
18881 53237 263641
28292 8167 263425
262760 28235
12989 21983
18881 28241
16735 262646
18881 262859 53087 262634
52720 52720 262868
18881 61682
18881 53028
28226 262807 262807 262807
18881 28343 28343 28343 28343 28343 263010
262797
28146 28146 53169 53169 53169 53169 61666 263360
28329 28250
12989 8368 200177
16735 263645
263541
12989 46636 46636 46636
12989 262659 52579 262579
28161
53146
28598 262727
18881 263096
53237 53116
28254
262589 52280 27986 7049 7049 7049 27983
28666 28239
16735 12989 262659 52579 262579
53165
28329 28250 262514
16735 11432 11432 262499
262760 28202
14840 52750
262589 52280 14259 27853
18881 263482
262690
53237 263143 263255
15180 35064
262680
28654 262770
16735 14868 262524
16735 12989 262659 52579 28335
22356 28124
28338 21571
262589 52967
262589 28658 28658 28658 28658 28658 28658
18881 263560
263001 52637
18881 262997 262947
12989 53723
28303 28283 28283
262403
28640 28370 28370
28329 52573
262760 52612
28303 52604 263014
12989 11588 13550
262599 262896
262499 262499 262499
28168 262598
27693 28162
262589 52280 27986 6471 27678 2647 1280 28511 28498
18881 263080 53022
18881 53071
18881 28278 28278
25933 262416
263055
52925 28630
27724 4913
262589 52280 27986 6471 27651 27874
18881 53065
16735 52578
262589 52280 27986 7049 7049 7049 52414 52414
16736
28168 53019
25933 262459
52751
28668
1916 10881 263083
28186 52629
16685 22356
18881 53102
262589 52280 27986 7049 7049 7049 28068
262589 262195 6057 28000
18881 53087 262681 262400
12989 262706
28343 28192 11802
53075 53025 53029
18881 263344
18881 52965 61854
263072 28241
18881 262859 53087 263086
18881 52873 53004
18881 53024
28598 52611 52611
11835 262905
28207
18881 263650
53145
262589 52280 14259 16921 16921 36408
22356 28590
28186 52955
28303 262759
28338 64515 262377
262561
28158 52570
16735 263512
12989 22381 262446
12989 46636
16735 263620
18881 52783
28146 52934
18881 28299 263092
25933 53062 263036
18881 263580
28368 262532
11835 262298
262907
262760 262363
262589 262195 26608
263332
16397 28165 28165
28649 262350
28338 28214 28214 28214 28214 28214 28214
18881 263341
53237 52801
18881 53237 53237 53237 53237 263457
18881 262687 262687 52864 52872 52864
16735 11432 263132
18881 52786
262355 262956
16735 12989 262413
18881 28359 262408
25933 52748
14840 262544
18881 28580 262862
18881 28359 28359
262589 52280 14259 28106 28106 28106 28106 28106
18881 52660
262775
21911 13878 7162 3549 28329 52580
18881 53237 53237 53237 53237 262517 28326
18881 263321
16735 12989 52752 262791
12989 21740 21740 21740 21740 21740
25933 61893 61893
28283 53145 53145 53145 53145
262589 52280 27986 7049 7049 7049 11750 28028
52869
262761 263336
23106 262628
18881 53137 53137 53137
18881 262859 263064
23106 28281
262750 263345
262589 262195 16814
22548 42385 42385
262539
28303 262856
18881 3573
11835 262790
263035
16735 52783
28186 52872
262516
262421 53018
262589 262195 27955
28171 263019
18881 52965 262615
18881 61703
262589 262195 19889 19889 19889 19889 19889 19889 19889 19889 19889
263001 52794
28283
18881 52762 263351
18881 53237 53237 53237 53237 262989
18881 262458 52685
28637
25933 53112 8167 263037
16735 262777
18881 61857
16735 262596 262596 262596
16735 262502
28175
262589 52280 14259 28091
14840 28636
18881 61900
28343
14840 52748
20144
262988
262589 52280 27986 7049 7049 7049 11750 52239
28269
16735 52747 61776
28329 262473
18881 53237 53237 53237 53237 262786
262741
18881 262997 52536
28168 52768 263490 263490
15180 52970
28352 52769
262589 52280 14259 27678 52234
18881 52636 52636 52636 52636
11835 263317
16735 14868 22148
28303 263486
16735 52943
262807
16735
18881 16685 263071
52824
16735 14868 263011
52892
262731
52550 28271 52659 262854 52659
12989 52752 53158
1916 28301
28329 28250 28268 263475
28625 52668 16921
53053 52841
28338 262340 262340
11835 262871
262589 52280 27986 7049 7049 7049 28015 28015 28015 28015 28015
18881 262399
18881 53015
262589 52280 27986 7049 7049 7049 27997
28306 262638 61839
28146 263481
52320 19429 19429 19429
28186 52572
28173 52972
18881 262859 53087 263617
27724 53181 263009
25933 53223
262589 52752 53061
53185 262453
18881 52968
263442
52752 52939
18881 52552
23002
28198 52576
52550 52550
262789
18881 53010
25933 28605
28287 262874
12136
262589 52280 27986 7049 7049 7049 27691
28168 28199
18881 262748 53176 53176 53176 53176
28280
12989 26769 20940
262589 52280 27986 7049 7049 7049 27953
28580 262333
28168 262989
18881 52965 262792 262713
18881 263053 263675
16735 262755
16735 14868 263303
262589 52280 27986 6471 27651 27946
262488
18881 53087 53087 53087 53087 53087 53087
18881 28594
28329 262438
18881 262881
14650
18881 52802
28303 52516
18881 28278
262669
262429 262539 262539 262539
15169 26910 26910
18881 53090
262589 52280 27986 7049 7049 7049 52327 52327 52327 52327 52327 52327
61888
53237 52936
15169 26910 26910 26910 26910
262589 52280 27986 7049 7049 7049 263172
18881 52846 52846 52846 52846 52846 52846 52846 52846 52846 52846
18881 28145 263616
28576
16735 10733 263332
18881 262990 262990 262990 262990 262990 262990 262990
16735 28243
262589 28032 263185
263057 18881 262854
18881 53050 262825
12989 262659 52579 28335
16735 262444
18881 53237 53237 53237 53237 263546 263294
262732
28624 263283 263283 263283
16735 262849
18881 262526 52654
18881 53078 262817
13414
27693 52884
1916 52886
28329 263584
16735 14868 14457
16735 14868 52845
16735 53021
1916 12654
18881 262414
262589 52280 27986 7049 7049 7049 52453 52453 52453 52453 52453 52453 52453 52453 52453 52453 52453 52453 52453 52453 52453 52453
16735 53090
16397 28165
23106 262851
18881 61802
28146 53169
25933 53137
28630
28233
11835 52745
18881 53237 53237 53237 53237 28126
23106
16735 262814 28588
18881 52965 28131
28168 263049
16735 12989 52752 52692
16735 28202
1916 262742
16397 11892
28625 58620
18881 53071 28249
18881 61865
262589 52280 14259 262256 262256 262256
18881 52965
16735 12989 17222 17222
28303 11802
28625
27724 22407
18881 263057 61663
28168 263432 263305
16735 263611
18881 52965 52819
52944
262504
53062 263492
18881 53207
28168 53169 262399
28168 53169 53169 53169 61666
16735 52661 52712
22381
16735 12989 262659 52579 263502
28329 28250 52631
11835 14457
262589 52280 27986 16849
16735 12989 42473 61084 61084
262599 28210 52753
16735 52530
1916 53164
14571
7048 7048 7048 7048 7048 262987
53237 262402
16735 28572 28572
52320 19429 19429 19429 19429 19429 8026 8026 8026
28669 262558
18881 263053
262743
28275
16735 28306
16735 262860 262860 262860
13878
18881 262457
262589 52280 14259 27888
25933 52830
18881 53237 52769
262760 263038
11835 262841
263080 262784
18881 52660 28125
262761 262541
53237 52721
28241
53059 53216
28329 262989
18881 263004 263029
18881 28145 52616
18881 53066
15169 43515
16735 28615
12989 26769 14066 14066 14066 14066 14066
262355 262500
18881 262781 263304
262429 52770 28141
28186 52864 52864
18881 262859 53087 52565
12989 26769 18680 18680 18680
52840
11835 263561
262589 53135
262794
18881 262748 262726
262476 52730
18881 26609
28303 263289
53237 262304 52833
262413
52668
262659 262755
16735 28334
53237 61925
14840 52869
16735 52641
12989 26769 20940 20940
53237 61777
1916 262829 262829
262761 28194
14840 61889 263015
18881 28327
22548 61455
28329 28250 28268
262589 52280 27986 7049 7049 7049 52308 27983
16397 263602
18881 262859 263064 52562
262589 52280 27986 27901
16735 262963
16735 52900
27724 263514
16735 14868 262328
53013
18881 262687 262687 262769 262769
18881 262773 263564
23106 263424 263424 263424 263424 263424 263424 263424 263424 263424
28287 52906
12989 29748 33597
14840 262907 262830
27693 53210
14868 262863
16397 28216
18881 52871
18881 28360
28168 28266
18881 52972
52720 52720 53071
263353
18881 262687 262687 262687 262687 262687 262687 262600
18881 262737
25933 52685 263263
18881 263047 52793
18881 262687 262600 262855
27724 28322
28168 262962
28360 263570
262589 28032 27843
28329 262632
16735 262797
11835 262958
1916 11242 263610
263001 262589 6762 3549 262788 27697
42385 42385
28330 16735 10429 28330
16735 52747 52665
18881 52674
28649 28651
18881 262688 262764
16735 263558
18881 36224
18881 262689 262689 262689 52666
262883
14840 53175
1916 10881
14840 52598
18881 263576
28303 262575 262575
15169 19425
263603
16735 262733 262733 262418
28166
23106 52758 52765
28168 262293
28287 28287 28287 28287 28287 28287
16735 262994
262459
18881 28639
14868 263303
1916 10881 10412
262725
14840 26363
27720 27688 27688
15180 28626
18881 262859 262359
18881 52699
262589 52280 27986 7049 7049 7049 52436
53061 263529
18881 53237 53237 53237 53237 262989 61799
28598 52788
14840 61672
1916 11242 19763
22356 263461
18881 53237 53237 53237 53237 52801
18881 28307
28368 262494
18881 28622
18881 28135 263399
262695 262284
18881 52783 61642
18881 28660
12989 29587 29587 29587 29587 29587 29587
18881 52907
262589 52280 27986 6471 16780 16780 16780
16735 12989 32590
16735 28296
16735 262336
18881 263555
23106 52531
28191
16735 12989 33438 20446
53059 53095
11835 263512
16735 262986
28168 52856 61759
28338 262377
262589 52280 27986 7049 7049 7049 52327
12989 52752 262791
53118 52829
18881 262587
1916 2716 28623
53224 263424
12989 262659 52579
18881 263396
11835 262978
25933 28259
13878 8141
28168 262989 262989 262989 262989 262989 262989
28299 53167
53008
11835 263166
18881 52946
28209
16735 10670
18881 53237 53237 53237 53237 52764
262733
262344
262589 28032
28168 262402 262488
16397 14201
28670
18881 262687 262687 262687 52554
28303 52669
28343 52693
28329 28250 61724
18881 262689 52711
16735 28263 53126
262589 52280 27986 27925
52752 262875
262750 53180 7738 18881 28360
53237 28188
28153
18881 52938
18881 53237 53237 53237 53237
18881 52556
18881 262542
18881 262689 262689 262689 52711
18881 28343 28343 28343 262332
25933 262848
18881 28359 28359 28359 28359
53237 52730
11835 28145
262660 262723 262723 262723
263057
262589 28032 262253
18881 262999 53163 263472
53115 263579
16735 262757
53237 263143
16397 28127
53224 52897
18881 26616 61896
18881 262388 263393
14840 263000
262761 28341
52550 262279
53178
28239
16735 14868 262298
28300
28666 263290
262760 262706
262731 53229
262575 262575
25933 262315
18881 52933 52933
28669 36032
262561 263431
28267 262348
14840 52922
16735 16735 16735 28247 28247
28168 52528
18881 52733
16735 262700
12989 52752 263070
263301
18881 262687 262687 52979 52979
12989 26978 26978 26978 12259
18881 53237 53237 53237 53237 61777
28171 262977
18881 10733 10733
16735 262814 53064
53080 22706
262476
53199
12989 52752 61945 263519
18881 262526 262527
53037 28351
28189 52784
28224 53218
16735 28653 28594
28368 263066
262394 61757
18881 263072 52728
16735 28360 53094
18881 6979
28329
262476 263654
28303 263653
18881 28135 262683
28186 52999
28303 262844
18881 52557
18881 262458 52643
16735 262268
18881 262859 53087 53160
28204 263513
14840 52674
262589 52280 27986 18747 18747 18747 18747 18747 18747 27965 27965
52828
12989 26769 20940 20940 16625
26609
18881 14840 28642
26609 262838
28303 28212
28303 52950
18881 263274
28329 28250 28198 28198 28198 28198
28168 53224 28340
18881 28135 28135 28135 28135 53176
18881 52859
16735 52661
263525
16735 262463
262509
14840 52803 52803
15169 26910
262589 52280 14259 262256
28168 53062 262292
262589 52280 27986 7049 7049 7049 52294 52294 52294 52294
18881 28135 262491
28146 263006
18881 28367
18881 262859 3549 6939 263283
28310 52850 61774
53062 262391 263613
27693
263001 262589 263631
12989 26769
16735 14868 262863
18881 262773 263399
18881 22092
28171
262793
16735 12989 52752 53158
52967 262606
28309 28309 262889
22356 27715 27715 27715 27715
27724 53194
53192 53192 53192 5319 53192 53192 5319
28329 263288
263444
18881 262902
16735 12989 262673
16735 262761 52927
28206
262785 263497
262589 52280 27986 7049 7049 7049 27818 27818 27818 27818
18881 26218
18881 53237 262779
16735 28306 263591
25933 53048
28669
16735 14868 52677
28146
28168 53130
18881 263333
53237 263641
263080 262296
52873 53242 61902
262695 61729
262589 52280 27986 7049 7049 7049 52383 52383 52383
28598
132591
262476 262588
16735 52839
262589 52280 27986 262237 61444
53224 52991
1916
28168 262766 262791
18881 28145
18881 14840 52605
52720
1916 263605
11835 262806 52455
16735 263128
262599 263585 52773
18881 53047
28330
28657
18881 28605 263052
18881 262613
16735 262375
53237 262989 61858
12989 52752 52780
25933 263604
16735 262717 262717 262717 262717
15169 26910 26910 26910
25933 53112 53112 53112 53112 53112 263037
16735 26598
23106 262336
18881 53223
16735 12989 262659 52579 262721
28338 262376
16735 14868 61895
18881 53237 53237 53237 53237 61655
16735 52518
18881 262432
28171 263019 263540 263540 263540
18881 262772
18881 53237 53237 53237 53237 262352
11835 262866 262866 262866 262866 262866
16735 61929
16735 10733
16735 262596
28625 262731
28604
28303 263368
11835 262900
28132
262589 52280 27986 7049 7049 7049 52453 52453
16735 28267 28267
28329 28250 61754
52604
18881 263603
12989 262659 52579 61932
262760 53209 53209 53209 53209
28186 262465
22177 52818
18881 262967
16735 11835 11385 11835 22148
263057 18881 262589 262854 262854 262854 262854 262854 262854
28224 263017
262589 52280 14259 17126 17126 17126 17126
1916 52888
18881 61803 61803 61803
16735 262733 263087
28328 52896
262589 52280 27986 6471 15208
53237 53138 61824
16735 11432 11432 11432
28168 28266 263280
12989
28598 52589 61829
22431 28136
28224 53238
15133
28303 262759 262396
16735 262839 262839
11835 262979
53237 52804
28669 263162
28168 53062 262417 262661
15180 262570 262570 262570 262570
23106 262851 263121
262589 52280 14259 11340
263001 27697
18881 262458
18881 14840 61720
262589 52280 14259 27909
16735 263567
18881 28253
262907 263101
11835 61787
52720 52720 52860
16735 61650
12989 52752 262423
11835 262675
262354
16735 262379
262589 52280 14259 27943
16735 262594
28329 28250 16891
18881 262999 53163
18881 53237 262766
14840 52892
28204
18881 262955 28587
262589 52280 27986 7049 7049 7049 262189
262429 52770
12989 26978
11835 263133
16735 52632
16735 262867
18881 28620
28329 28250 52791
18881 52646
27720 262949 263387
262761 263578
22356 33517
262589 262344
28368 262649
18881 53161 53161 53161 53161 53161 53161 53161 53161 53161 53161
262761 263062
28186 263319
28146 28146 263503
18881 28173 28650
52550
28283 28283
28329 263566
18881 28135 28135 28135 28135 53233
262822
262589 52280 27986 7049 7049 7049 52323 52271
18881 263589
18881 28664
28666 262797
28654 262770 28182
16735 52958 52958 52958 52958 52958
16735 262869 262869 52807
28343 28192 61866
18881 262687
18881 52910 52910 52910 52910
18881 262789 262976
16735 28591 28591
52320 19429
263001 28214
16735 52697
11835 262722
12989 19710 19710 19710 19710 19710 19710 19710
18881 262751
18881 52783 52588
28669 262836
262589 52280 27986 6471 27678 2647 16876 25192
11835 262847 263281
12989 26769 16830
53224 262682
12989 262659
28368 262604
16735 52904 263142
28329 28250 16891 16891
262609 53243
28168 53062 263046
18881 52965 52565
28625 262415
28329 53158 53158 53158
28124 28667
28329 52678 61922
263057 61849
28146 263032
262643
16735 21574 262525
18881 263656
18881 53237 53237 53237 53237 262270
28637 262305
25933 52598
28186 262801
262686
262659 262493 52638
11835 28145 263616
262589 52686
262589 52280 27986 52341
28306 262489 262489 262489 262489
53145 53145 52942
16735 28362 262453
53237 52892
28359 28359 28359
18881 28583
16735 14868 263507
12989 52752 53169 61666
18881 28177
262589 28032 27843 28083
16735 28125 52660
22689 28215
262743 53152 262890
262589 262195 262192 11014 11058 11664 52300
16735 52708 61772
262353
53224 52790
25933 53112 263037
16735 10733 10733 10733 10733 10733 20142
53001
27693 53150
28368 52819
18881 263077
18881 52809
1916 11242 28579
28303 262978
262822 28323
53237 262462
16735 28178
262589 262195 26608 26608 26608 26608
12989 52752 61815
28173
16735 11432 11432 11432 11432 11432 11432
28166 52795
28329 61678
30122 3557
22356 35204 35204
18881 52775
16735 263310
262589 52280 27986 6471 52497
28360 262364
53062
262589 52280 14259 17147
28303 262399
262589 262195 263236
53143
16735 52990
18881 52815 52815
28168 53062 61669
262730
28165
28329 52527
28201 28201
52550 52550 28271
11835 263553
18881 263483
12989 28202 262314
18881 53237 53237 53237 53237 28652
28306 262506
262589 52280 27986 7049 52376 52376 52376 52376
28303 28146 52952
28267
1916 10881 11751
18881 28279 52973
18881 52584
18881 28156
18881 53237 53237 53237 53237 262304
28634 262383 262383 262383
18881 28279 263111
18881 53087 262738
28303 262544
262599 53183
53059
16735 12989 52752 52769
16397 262787
262501
262659
28640 52980 52980 52980
18881 28281
12989 8368 44806
25933 61893 61893 61893
11835 263370
25933 52653
25933 53112
262589 53061
28580 52736
18881 262781 262781 262781 262781
11835 53062
18881 53078 61811
27724 26616 61896
262589 262195 6057 14234
52734
262589 52280 27986 7049 7049 7049 28015
16735 52862 52862
28368 52759
14840 262883
10362
16735 262992
262761 61755
2688 3917 3917 3917 3917 3917 3917 3917 3917 3917 3917 3917
28201 28201 263440
262891
16735 263494
25933 262848 61770
53059 16735 6762 26615 262631 61939 61716
11835 52633
18881 28359 262688 262821
16397 262420
18881 53237 53237 53237 53237 53235
16735 14868 52719
18881 52965 262359
262476 262826
263631
14840 28591
28146 28146 53169 53169 53169 53169 53169 53169 53169 53169 53169
2688 27797
262761 263516
262623
262589
11835 262966
16735 263467
18881 53237 262849
53118 52768
16397 263678
18881 262740 262300
12989 34106
18881 53237 53237 53237 53237 262402
52967 262576
262765 263562
53237 263374
28146 263334
16735 52951
16735 53038
18881 52596
16735 52713
53237 52780
27715
16735 53182 53182
18881 53153 28339
18881 263594
28343 263451
18881 28251
1916 2715
262589 262195 6057 52241 52241 52241 52241
18881 28241 262700
262750 262973
20406 262706 263307 263307 263307
52550 263669
262589 52280 14259 3573
27720 262403
262589 53053
262589 52280 27986 7049 52503
16735 52747 52609
262589 52280 27986 6471 28059
263461
28306 52539
53118 52812 263372
18881 262859 3549 28368 28257
28329 28329
18881 53072
22177 262659
262589 52280 27986 7049 7049 7049 11750
18881 53043
262589 262195 28100
262589 52280 27986 27901 27901 27901 27901
25933 262441
28573
18881 263258
28306 262638
18881 53110
28168 262766
28654 53216
18881 262859 262740
28220 28220 28220 52562
28158
16735 52663
12989 26769 10558 10558 10558 10558 10558 10558
22356 28206
11835 263322
18881 52965 52913
18881 61914
16735 53182 53182 52774
28124
262589 52280 14259 52407
28311
11835 61819
18881 262773 262635
18881 262859 53087 52729
1916 262533
28122 14781 14781
16735 262690
18881 52538
16735 28280
28168 263435
53115 262982
16735 262696 53199 52726
18881 262859 52709 262468
16735 262696 53199
28207 262674
28654 52837
28306 262899
16735 28138
52320 262186
52604 53061 53061
16735 12989 262659 52579 262708
18881 28142 262430
18881 263053 263251
28178
262901
12989 262659 262493 262892
14840 61788
18881 52783 61637
18881 263553
18881 28258
52752 61926
262589 262195 6057 52241 52241 52241
262589 52280 27986 6471 27678 2647 1280 28511 28499
11835 52842
18881 53237
262401
25933 53235 53235
23106 53072
262589 52280 14259 22975 22975 22975
28283 52763
52925 62597
16735 262478
262429 52770 52748
18881 263648
18881 262330
18881 262803
262589 262195 7005
1916 2715 262829
262476 262425
1251 52914
53237 262779
28303 28146
28310
262589 52280 14259 26604
18881 262740
262891 262891
28306 263591
28329 263397
263678
28666 262686
12989 262659 52579 52563
18881 263047 263499
262476 52573
18881 53228
16735 53064
16735 28263 263493
53099 262701
16735 53201
22177 61928
28168 53169 53169 53169 263649 61653
18881 28292
262589 52280 27986 6471 27838
53237 262531
16735 28656 262961
15180 53208
53062 28208 52986
28666 52941
16735 262761 263578
28168
28168 53062 263573
28146 61765
18881 262557
28329 52957 263299
18881 53237 53237 53237 53237 262462
28329 263584 52860
18881 263306
25933 262464 262464 262464 262464 262464 262464 262464 262464 262464 262464
16735 28234
27724 53082
16735 14868 262678 262678 262678
262589 52280 27986 6471 28096
28287 263027
23002 23002 23002 23002 263323
262589 52280 27986 18747 6507
16735 52662
18881 28135 28135 28135 262773
23106 52758
28303 262316
262599 262571
16735 12989 53847 53847
262599 263585
18881 263080 28328 28328 28328 28328
22177 53133
18881 61853
22689 28215 28215 28215 28215 28215
262996 52904
18881 53237 53237 53237 53237 61873
262401 263104
28187
28309 28256 28256
28309 28279
28303 61769
11835 263524
53237 262308
18881 52965 61944
28283 61770
18881 53195
28168 53062 52952 52952 52952 52952 52952
28299 262591
28329 32723
16735 12989 42473
28168 262733 52614
18881 28620 28620
262561 61841
53237 28652
18881 262859 52709
262589 52280 14259 52252 52252 52252
11835 52544 52544
11835 262806
28329 262781
18881 52965 263073
12989 29748
18881 262299
16735 262699 263266
18881 52596 52537
16735 263448
28168 28154
28158 61892
262544
12989 26769 20264 20264 20264 20264 20264
18881 262687 262600 52879 52879 52879 52879 52879 52879 52879 52879 52879 52879
262476 61844
16735 53110
12989 8368
20406 262706 262321
53115 262482
262589 52280 27986 7049 7049 7049 263190
18881 28279 263343 263343 263343
262907 262543
18881 52965 263078
28343 11835
18881 28279 263043
18881 263656 262752
263001 262589 6762 3549 262788 52689
28224 28211
262589 52280 27986 7049 7049 7049 52279
28598 262832 52535
11835 262866 262866
23106 53064
28590
16735 11432 11432 52969
53237 52780 52811
14868
28158 61717
16735 28311
14840 22128 22128
18881 263594 263643
28640 52980
18881 28343 28343 28343 28343 28343
28168 61701 61701
53237 61655
262476 53237 52730
18881 263557
262659 263470
22689 262451
16735 28250 28268
27693 53117
16735 14868 52852
61769
53237 263056
16397 28332
262907 262542 262542 262542 262542 262542
28146 263439
16735 28125 263487
53145 53145 53002
16735 53182 262684
28283 262903
23128
52320 19429 52330
18881 262748 262569
16685 18836
16735 262813
262589 262195 6057
262761 16735 6939 262972
53237 61658
52650
14840 11432 28165
262589 52280 14259 28077
262589 52280 27986 7049 7049 7049 52490 52490 52490 52490 52490 52490
28625 28127
22356 52785
262589 262195 7303
28329 28250 263453
18881 262859 263073
18881 263480
28654 262520
18881 53237 53237 53237 53237 61633
262589 52280 27986 7049 7049 7049 52465 52465 52465 52465 52465 52465 52465 52465 52465 52465
28168 28266 263598
53237 263457
262589 262195 10481 10318
16735 14868 262812
16735 28245 52744
53072 53072
262750 262373 262373
12989 26978 26978 26978 2900 2900 2900 2900
18881 263038 263038 263038
262589 52280 27986 7049 52291 52291 52291
16735 28298
16735 61702
28625 12008 12008 12008 12008 12008
262589 262599 262599 28233
22431
28343 53238
14840 262891
16735 262282 262487
25933 52634
28287 53067
18881 263443 52562
1916 10881 263076
12989 23108
18881 53073
28168 61701
16735 262717
18881 28296
16397 262744 262744 262744
11835 262433
27724 52993
1916 53187
28220 28220 28220 262748
16735 16735 16735 28247 28247 28247 52575
28615
263080 52778
262780
12989 11588
28146 53206
18881 262688 263509
262476 28640
262589 52280 27986 7049 7049 7049 52259 52259 52259 52259 52259 52259 52259 52259 52259 52259 52259 52259 52259
18881 28303 262759
262429 52770 52851
22356 28666 262287
262589 52280 27986 6471 27678 2647 1280 25192
11835 52912
53237 61873
11835 263042
28247
28329 263635
18881 52594
18881 28135 28135 28135
262589 28032 263224
18881 52559 263116
262589 262195 262192 52300 52300 52300 52300 52300
16735 262729
28666 262578
28187 28152
12989 28634
28590 28641
18881 262298
28329 52957 52673
16735 262444 262444 262444 262665
262476 262627
12989 26978 12259
18881 28135 28135 28135 262590
16735 52783 262439
262589 52280 14259 28044
28343 262618
28368 262494 61675
263080 262497
52720 52720 61919 28282
262938
262589 52280 14259 11340 11340 11340
18881 263164
53075
28303 61673
16735 28150 28150 28150 28150 28150
18881 28580 52818
28329 52957 263496
23106 52529
18881 61913
18881 262603
28303 28146 263503
18881 28343 28192
14840 263593
52720 52720 61919
18881 53237 53237 53237 53237 262989 61858
18881 61920
28186 262769
11432
16397 28358
28368 263606
28168 61825
53115 262573
28343 28176
27724 53181 52567
28168 262733 263087
18881 262377
28226 262807
28328 262557
262589 52280 27986 7049 7049 7049 27926
16735 28583
18881 262865 263599
18881 263164 61751
262599 262974
28625 16921
262589 52280 27986 6471 40703
28368 263103
28310 52850
28329 28250 52532
14840 28293
28226 52866
28270
16735 262761 263489
18881 28142 262445
28329 263584 53045
18881 262276
28329 263583
53237 53235
28267 262778
28329 262597
22356 61163
12989 42473
262684 53182
28001
27724 52993 61752
12989 52752 53169 263649 61653
28168 53062 52767
262696
28287 53054
18881 53237 53237 53237 53237 263546 263268
262589 52280 14259 27849
262444
18881 53153 61740
1916 11242 263613
16735 53171 262346 262346 262346 262346 262346 262346 262346 262346 262346 262346 262346 262346 262346 262346 262346 262346
18881 53144
53066
18881 53137 53137
28303 52706 52706
16735 28327
262589 53142
16735 12989 262659 52579 263314 263572
18881 52559 263081
262589 28032 52400
28580 52818
28338
262589 52280 27986 7049 7049 7049 28023 28023 28023 28023 28023
18881 11844
28303 262752
18881 263053 262401
52824 263637
262589 262195 27955 27955 27955
262822 28139
11835 52561
262589 52280 14259 28091 28091 28091 28091 28091 28091
18881 262859 53087
11835 28238
16735 262691
28220 28220 28220 262726
18881 52815
18881 52965 262440
262429 52770 52634
11835 262995
16735 262514
18881 52831
16735 53182 53182 262940
52550 53225 52550 53225
262589 52280 27986 7049 7049 7049 52402
262589 262195 27792
16735 263672
52320 19429 19429 19429 19429 19429 21578
28168 28241
21911
18881 262999 52995 53121
28598 52796
16735 53041
18881 262450
18881 53007 53007 53007 53007
22548 3132
18881 262798
262518
262750 53180
16735 14868 262831 262831 262831
16735 11835 11835 11835 11835 11835 61762
262589 52280 27986 7049 7049 7049 52490 52490 52490 52490
18881 262859 28160 52700
28669 28645
262589 52280 27986 7049 7049 7049 27833 27833 27833 27833
18881 262633
28580 52961
25933 262802
18881 53237 53237 53237 53237 262352 262452
16397 262886
25933 52685
14840 11432
52748
28625 52785
25933 53149
53187
14840 262616
18881 53050
262589 52280 27986 6471 11340 11340 11340
28135
262589 52280 27986 7049 7049 7049 11750 10986
262632
28329 52957 52874
28283 262953
12989 52752 53169 263649 52843
28624 262608 262608
16735 263055
28360 262314 262314 262314 262314
53237 262503
15180 263645
28589
18881 14840
25933 53062
16735 14868 262356
16735 12989 262585
16735 262288
15169 22244
16735 263504
18881 263144
28267 262778 11751 11751 11751 11751
1916 10881 53046
22177 52686
1916 52888 52888 52888
11835 262866
16735 14868
28303 263018
28329 28250 263376
18881 53237 53116
18881 28135 28135 28135 262738
16735 52987
53115 262322
18881 52873
18881 52965 52605
11835 262290
28158 52591
16735 28267
16735 11432 11432 263491
18881 52965 262637
28303 52684
263080
262673
28329 28250 262319 262319 262319
18881 263394
53116 53116
22356 262662
263513
18881 28285 28285
18881 52783 52715
262605
262988 61810
1916 1251
262561 263326
262561 263451
27724 53181 52639
16735 52875
14840 28123
28343 28192
262996 262791
28173 28650
16735 53131 28289
16735 262306
262589 52280 14259 27735
28168 53221
16735 18547 18547 18547
23106 23106
18881 263437
16735 14868 263438
28168 53104
28580 28353
53171 52940 263286
18881 53237 53237 53237 53237 263143
16735 262566 263666
16735 262487
16397 26704
53237 52526
18881 20044
262589 52689 61908
16735 12989 262659 262622
28624 262738
20121
28329 28250 28198
11835 262286
53145 53145
28625 11179
53237 263546
16735 14868 262411
16735 52930
14282 14282 14282 14282 14282 28236
28220
28590 28645
1916 10881 28193
28329 262632 262632 262632
18881 28244 262734
28168 61758
28368
28669 28600
28666 262686 262647
18881 28169
262865
18881 28248
12989 26769 53962
14026
16735 61884
262589 52280 14259 28120 28120 28120 28120
16685 28617
18881 53237 53237 53237 53237 262378
16735 262314
28657 28657 28657
262476 52730 52730
262787
262310 52962
16735 262785
28250 263406
28124 28667 262658
262761
28303 263100
262589 262195
18881 52873 262843 262843 262843
28338 10704 10704 10704 10704 10704
18881 263072 28241
28329 52549
263072
28598 262832
262750 263349
23106 262851 52695
16735 52747 61726
52550 263271 52550 263271
28158 52724
28299 262407
12989 52752
262737
18881 53237 53237 53237 53237 262753 262753 262753
16735 28245
18881 262687 52554 52554 52554 52554 52554 53123
262589 52280 14259 27904
16735 14868 28181
262589 52280 27986 6471 27678 2647 3356 1853 1120 200070
25933 53240
12989 26769 20940 21342
11835 61910
52873
28168 53169 263004 263020
11835 61927
12989 52752 53169 61666 263360
28329 263426
14840 263000 263510
16397 28165 61823
10733 262572
13357
14840 28328
53175
52550 28271 52659 52659
28303 61688
16735 14868 262334
14840 52828
28124 53108
25933 263297
262589 262195 6057 1797
18881 52559 263526
25933 61893
53195
1916 2715 21612
16735 53140
28338 64515
18881 52873 61902
16735 28195
16735 262717 262717 262717 262717 262717 262717 262717 262278
16735 262761 61937
12989 28640
11835 28621
16735 28263 52599
15180 262570
28360 263054 263054 263054
53038
262310
28329 61649
18881 53220
18881 53237 53237 53237 53237 262304 52833
16735 7298 28274
262725 263433
28125
28220 28220 28220 262959
18881 14840 263515
14840 52959
28368 52683
53237 263026 53212
262589 52280 27986 7049 7049 7049 52323 52374 52376 11058 262150 52428 52428 52428 52428 52428 52428 52428 52428 52428 52428 52428 52428 52428 52428 52428 52428
23106 52712
28303 28146 52986
262429 52770 262715
11706 10531
28329 262394
52550 53225
14868 263492
18881 52873 262843 262843 262843 262843 262843 262843
28598 262727 263468
25933 262381
53179
16735 52663 52663
28329 52573 52730
262750 53180 263067
18881 28135
